src/assets/globe-data.asc
ncols         360
nrows         145
xllcorner     -180
yllcorner     -60
cellsize      0.99999999999994
NODATA_value  -9999
[rows 64 to 95 of 145, columns 144 to 215 of 360]
-9999 -9999 -9999 -9999 -9999 -9999 -9999 -9999 -9999 -9999 -9999 -9999 -9999 -9999 -9999 -9999 -9999 -9999 100240.9 771.0872 4058.253 5577.58 29201.17 7498.288 774.5601 763.5652 794.6827 825.7908 916.6767 1039.496 1441.55 1007.359 934.4849 934.5187 947.9398 1476.118 1839.528 3363.846 2547.59 1150.072 1585.104 2300.451 4756.765 15729.75 2346.712 2345.843 2327.224 735.0032 735.0032 735.0032 735.0032 1025.437 2048.094 1476.274 1248.396 1249.523 2010.922 3617.279 2195.389 1408.681 1407.099 5970.813 5957.091 5942.774 5933.51 5927.933 5866.46 5913.812 21419.86 25993.2 20799.93 21041.35
-9999 -9999 -9999 -9999 -9999 -9999 -9999 -9999 -9999 -9999 -9999 -9999 -9999 -9999 -9999 -9999 -9999 -9999 -9999 1698.821 4023.136 5166.75 8534.76 3213.35 7652.708 709.7374 641.7245 677.1098 1030.759 1036.936 1441.571 1382.537 940.4403 1913.421 3214.56 1067.998 4580.023 8441.588 4438.668 1503.599 2743.034 5357.036 17602.39 18691.99 2785.926 2360.792 2345.166 739.6873 739.6873 739.6873 739.6873 1143.371 1951.796 1279.13 1256.352 2713.702 4216.988 4219.46 4219.46 3560.989 10353.88 10354.27 10354.27 20107.07 29799.38 29646.06 111766.3 34569.01 38323.52 27266.38 20277.68 20319.79
-9999 -9999 -9999 -9999 -9999 -9999 -9999 -9999 -9999 -9999 -9999 -9999 -9999 -9999 -9999 -9999 -9999 -9999 -9999 175996.7 619547 12636.79 15296.41 22943.99 18394.34 2313.632 504.0913 777.2237 1043.187 1043.187 1392.593 3441.256 1772.696 2231.282 6818.746 15674.37 10319.02 22295.2 6946.773 1440.89 7271.873 9251.341 18678.34 17094.27 4084.945 2623.053 4670.782 744.1461 744.1461 744.1461 744.1461 1295.032 2965.324 3222.827 3226.092 5780.232 4341.222 4244.895 4244.895 4244.895 10415.93 10416.68 10416.68 15893.19 21381.35 21282.78 22868.61 72322.02 102576.9 85718.03 46431.23 71083.18
-9999 -9999 -9999 -9999 -9999 -9999 -9999 -9999 -9999 -9999 35178.9 6623.536 -9999 -9999 -9999 -9999 -9999 -9999 -9999 11271.97 94137.48 38125.03 61045.18 65053.55 33308.55 15903.42 7382.366 4564.637 1055.022 1049.12 1489.662 1837.701 6670.755 7491.391 33711.29 27360.35 19338.76 14523.87 2377.937 3018.085 7660.287 9226.415 10838.82 43193.91 80996.33 53952.55 37957.99 1909.669 3660.433 4470.757 4500.216 3817.789 3663.276 3663.595 7140.907 13800.29 9078.243 4269.036 4410.915 4566.228 10475.2 10475.92 10475.92 12688.2 14861.29 21845.95 38774.23 53079.42 125393.3 126466.3 102865.9 104748.8
-9999 -9999 -9999 -9999 -9999 -9999 -9999 -9999 -9999 -9999 23628.3 67441.27 -9999 34521.08 -9999 -9999 -9999 -9999 -9999 200183.1 330619.9 264444 238473 162780.4 122421.4 80076.52 65575.61 54103.41 84232.55 14254.56 18895.19 32766.71 286440.4 80636.94 40656.54 184968.3 56690.82 16697 6657.373 4587.458 15664.04 47090.23 47400.29 14015.42 20790.05 9930.745 6316.236 6018.032 4579.752 4579.752 5495.542 13615.93 8686.756 3894.063 10804.51 14322.2 9137.14 4291.877 39785.97 51195.31 16753.68 10531.97 11106.14 27577.04 30009.8 40525.51 44587.77 442051.3 1169565 382191.6 150899.9 147047.2
-9999 -9999 -9999 -9999 -9999 -9999 -9999 -9999 -9999 -9999 -9999 3427.459 255111.5 419.9211 -9999 -9999 -9999 -9999 3545.224 838370.1 334691.3 154233.6 330328.1 286996.9 151270.3 192260.6 254115.1 130744.8 119954.4 82065.2 71403.71 163065.6 229506.4 69174.85 51147.88 35605.34 110675.2 73736.81 52668.43 74852.12 139544 231099.3 140917.4 56226.08 113149 113255.6 6051.161 6045.998 4602.73 4828.482 15442.65 18859.33 19641.03 20260.35 26448.89 43144.03 61341.8 88866.85 93614.4 51230.13 20391.08 10584.82 10611.66 40157.88 41182.98 46537.55 56889.82 73682.79 3651623 924908.2 173145 453323.9
-9999 -9999 -9999 -9999 -9999 -9999 -9999 -9999 -9999 -9999 -9999 39638.54 25884.47 -9999 -9999 -9999 -9999 -9999 3128162 2389898 1191932 199214.6 150204.4 211797.3 384628.2 220685.2 226629.9 87791.79 108331.5 146346.2 312997.7 455631.4 562952.9 260586.9 224720.7 332904.7 341485.3 407092.8 241419.7 244571.3 453053.2 1002181 805009.4 594890.1 371412.4 372174.9 91594.3 42681.43 60495.21 73792.09 57382.13 105323.9 28379.12 28086.7 48345.59 68950.12 131992.9 181253.7 182912.4 120355.1 58956.11 151938 84108.09 49601.3 42425.33 81909.88 125279.1 251771.3 1142991 1718425 251521.3 377283.1
-9999 -9999 -9999 -9999 -9999 -9999 -9999 -9999 -9999 -9999 -9999 -9999 -9999 -9999 -9999 -9999 -9999 -9999 -9999 1526834 899045.8 534769.4 287711.3 140594.1 120264.1 127110 192983.6 179587.5 389610.6 637998.3 588849 569316.4 459336.2 852320 846448.1 636435.9 417664.7 459742.3 1541296 652570.3 695017.6 2256489 1211940 1848160 1842425 859664.8 299683.6 239056.3 283974.1 375990.2 204177 387356.8 153105.8 90736.68 53290.14 77469.76 186040.2 333099.1 496008 481715.7 583793.3 369652 102945 141450 189653 316574.5 433354.1 350726.2 1012084 828653.9 416709.9 308226.7
-9999 -9999 -9999 -9999 -9999 -9999 -9999 -9999 -9999 -9999 -9999 -9999 -9999 -9999 -9999 -9999 -9999 -9999 -9999 466021.9 650535.9 527107.1 287109.3 180778.8 135820 107353.4 152135.3 1125498 1992451 492558.6 780853.1 555608.9 537748.1 1056934 3001169 1037861 380618.5 237674.1 398095.7 802379.9 1680096 1397980 1805459 3030204 5352932 2000480 1694971 518504 495604.1 644929.6 1008419 949419.1 167430.7 145742.4 168977 115165.9 85207.98 217215.7 332213.3 256556.8 569483.2 464030.1 145418.2 213707.3 208171.2 231946.2 388464 281348 339871.9 264164 484684.3 189416.7
-9999 -9999 -9999 -9999 -9999 -9999 -9999 -9999 -9999 -9999 -9999 -9999 -9999 -9999 -9999 -9999 -9999 -9999 -9999 33752.29 616799.8 185869.6 248447.2 898488.3 264598.4 174015.5 433981 426027.4 342568.4 422212.5 641541.8 1142592 598929.6 525593.8 551477.2 1087861 521755.6 311093.9 367426.1 609117.9 1116034 1056356 915324.9 3519144 6231026 2459430 1977944 986864.1 466608.1 1497805 829023 270802 102705.5 109457.8 136651.4 73493.13 82486.65 85676.12 156375 310585.1 748660.3 528813.2 342740.4 188593.1 141540.4 142421.9 156730.5 127747.6 119426.9 160375.3 342095.6 83906.59
-9999 -9999 -9999 -9999 -9999 -9999 -9999 -9999 -9999 -9999 -9999 -9999 -9999 -9999 -9999 -9999 -9999 -9999 -9999 -9999 4350.367 400930 467176.4 575747.9 290088.7 221735.6 452464.1 187051.2 161819.3 388458.8 537510.3 501973.9 439258 556192.9 439306.6 1082372 935919.9 533080.9 370158 344109.8 449685.2 608624.3 636293.9 2217684 1432327 969966.5 989754.3 1723407 845093.2 1961777 1515697 551087 191341.8 126730.6 67487.04 69475.75 77035.15 21877.48 23180.82 215514.2 389180.3 173071.5 254830.6 149596.6 95613.14 78803.94 79235.55 90921.95 103518.2 120137.2 248985.6 156949.8
-9999 -9999 -9999 -9999 -9999 -9999 -9999 -9999 -9999 -9999 -9999 -9999 -9999 -9999 -9999 -9999 -9999 -9999 -9999 -9999 -9999 98.22868 2075122 610039.4 315252.1 338193.2 240037.7 147931.5 167224.6 285740.9 716623.9 156903.7 166774.3 330100.2 198422.8 821423.2 559552.4 863884.9 558152.9 349617.4 333728.2 887104 1210505 2015621 2667970 1585939 574325.9 1356396 1395349 1048354 632895.4 837992.5 440938.8 322240 174101.1 105844.4 21067.22 15634.51 14271.89 78913.58 131106 11283.21 234270.5 377888.2 259470.7 224836.5 136440.6 284303.7 95171.2 111688.8 588710.4 1000009
-9999 -9999 -9999 -9999 -9999 -9999 -9999 -9999 -9999 -9999 -9999 -9999 -9999 -9999 -9999 -9999 -9999 -9999 -9999 -9999 -9999 -9999 1290094 873547.3 688193.8 949013.4 367896.8 321745.9 198941.9 262935.6 332763.2 201560.8 181020.5 335455.1 223889.4 385467 578668.3 525165.6 512264.6 1203541 2425027 1124992 840398 1456240 1214719 871411.6 495289.5 735178.4 500014.5 353121.8 179858.4 522667.8 645618.9 514456.1 214917.2 15456.36 11549.94 12171.67 6281.388 30831.38 31936.97 11314.44 98690.9 277959.7 385266.4 238489.4 197396.9 176662.8 215224.1 337041.1 620728.1 1250409
-9999 -9999 -9999 -9999 -9999 -9999 -9999 -9999 -9999 -9999 -9999 -9999 -9999 -9999 -9999 -9999 -9999 -9999 -9999 -9999 -9999 -9999 609.1907 237073.3 1095299 261464.8 344600.2 939209.6 892719.8 748146.2 840875 725889 505815.2 1141897 956825.1 317794 884087.8 1068978 1253841 4202873 5402906 4636217 2206688 1771662 1817743 1367551 453799.5 214540.1 116378.9 222607.7 178618.2 243799.9 255753.2 116630.5 86279.98 43269.2 7529.955 31190.38 17344.12 3173.428 1208.538 7150.421 33163.91 109301.8 172395.7 277976.7 162416.1 163773.6 176350.1 118764.8 56982.78 961190.4
-9999 -9999 -9999 -9999 -9999 -9999 -9999 -9999 -9999 -9999 -9999 -9999 -9999 -9999 -9999 -9999 -9999 -9999 -9999 -9999 -9999 -9999 -9999 -9999 67924.76 1586207 327195.1 452141 789880.9 1277788 1336642 676355.9 819564.3 1101202 3929654 1590029 1474898 3683081 3855396 1.217999e+007 1602663 2177261 4455414 5367362 2470523 1123749 1179289 450650.3 155284.7 192952.5 162638.1 203395.2 130449.4 171367.7 72912.34 105020.4 19089.39 52620.53 23170.62 3763.358 4296.158 776.5333 41403.8 46893.38 101924.8 199235.2 238704.2 179221.5 129652.1 64418.64 58394.73 471072.8
-9999 -9999 -9999 -9999 -9999 -9999 -9999 -9999 -9999 -9999 -9999 -9999 -9999 -9999 -9999 -9999 -9999 -9999 -9999 -9999 -9999 -9999 -9999 -9999 -9999 42928.25 140114.6 139330.9 241892.2 1064293 766376.6 3455947 2191270 783384.4 1807611 5325347 520667.7 4565.032 -9999 -9999 21965.63 2488888 4683608 9569327 1288651 593056.4 2010697 206778.1 69491.07 149118.9 119867.2 114284.5 96370.19 70556.98 39674.81 108758.5 181584.3 96470.25 18226.9 16464.05 12651.42 38270.53 29546.12 72593.46 145082.4 93153.68 121636.5 203360 125039.4 182963.7 123325.6 75186.43
-9999 -9999 -9999 -9999 -9999 -9999 -9999 -9999 -9999 -9999 -9999 -9999 -9999 -9999 -9999 -9999 -9999 -9999 -9999 -9999 -9999 -9999 -9999 -9999 -9999 -9999 921.7236 53302.22 316435.5 341027 433.7926 -9999 -9999 92347.88 490530.7 -9999 -9999 -9999 -9999 -9999 -9999 466954.6 2646211 5154486 1545384 2508848 241579.2 407637.4 135484.6 121260.6 147007.5 221648.8 117950 102382.4 1079825 268943.6 260103.5 223943.8 162036.6 60757.39 59383.29 34698.22 28915.88 64841.53 128874.5 127802.1 300718.8 305931.9 270033.2 335679.1 133092.5 121544.1
-9999 -9999 -9999 -9999 -9999 -9999 -9999 -9999 -9999 -9999 -9999 -9999 -9999 -9999 -9999 -9999 -9999 -9999 -9999 -9999 -9999 -9999 -9999 -9999 -9999 -9999 -9999 -9999 -9999 -9999 -9999 -9999 -9999 -9999 -9999 -9999 -9999 -9999 -9999 -9999 -9999 -9999 -9999 -9999 305864 1231972 252793.1 2891008 141523.3 77960.33 83750.29 90481.98 83307.98 104859 229372.2 687951.2 374323.3 246808.8 175411.1 79821.95 82732.93 94742.67 118157.4 136468.1 84731.55 221787.1 1194609 1298610 494612.2 358836.3 317600.2 168831.2
-9999 -9999 -9999 -9999 -9999 -9999 -9999 -9999 -9999 -9999 -9999 -9999 -9999 -9999 -9999 -9999 -9999 -9999 -9999 -9999 -9999 -9999 -9999 -9999 -9999 -9999 -9999 -9999 -9999 -9999 -9999 -9999 -9999 -9999 -9999 -9999 -9999 -9999 -9999 -9999 -9999 -9999 -9999 -9999 -9999 56406.27 252265.5 249297.2 113731.9 89014.16 56411.75 51349.39 36896 45544.62 349785.5 420857.1 388595.2 387275.3 368459.6 151120.1 114557.3 138671.8 135397.4 279167.6 219896.6 286591.4 2012266 847139.5 1555166 876964.2 405652 229944.5
-9999 -9999 -9999 -9999 -9999 -9999 -9999 -9999 -9999 -9999 -9999 -9999 -9999 -9999 -9999 -9999 -9999 -9999 -9999 -9999 -9999 -9999 -9999 -9999 -9999 -9999 -9999 -9999 -9999 -9999 -9999 -9999 -9999 -9999 -9999 -9999 -9999 -9999 -9999 -9999 -9999 -9999 -9999 7055.937 -9999 232382.3 289917.5 236511.3 44433.31 20336.48 23283.18 21754.89 26969.98 46333.43 121477.1 194035.2 220423.7 270565.6 128916.3 115837.3 139013 108136.4 62905.87 140384.2 110854.8 476256.3 1269931 993585.9 799298.9 2184813 1965630 845839.2
-9999 -9999 -9999 -9999 -9999 -9999 -9999 -9999 -9999 -9999 -9999 -9999 -9999 -9999 -9999 -9999 -9999 -9999 -9999 -9999 -9999 -9999 -9999 -9999 -9999 -9999 -9999 -9999 -9999 -9999 -9999 -9999 -9999 -9999 -9999 -9999 -9999 -9999 -9999 -9999 -9999 -9999 163309.1 -9999 -9999 728103.3 25675.31 28869.82 22226.84 23741.6 39997.16 31419.76 26821.47 50230.6 182192 176775.4 144148.9 147185.8 140809.4 172116.8 336525.1 685057 53503.8 64291.64 597510.9 2496000 1978627 1383264 4893120 3502743 6209777 2352288
-9999 -9999 -9999 -9999 -9999 -9999 -9999 -9999 -9999 -9999 -9999 -9999 -9999 -9999 -9999 -9999 -9999 -9999 -9999 -9999 -9999 -9999 -9999 -9999 -9999 -9999 -9999 -9999 -9999 -9999 -9999 -9999 -9999 -9999 -9999 -9999 -9999 -9999 -9999 -9999 -9999 -9999 48.30421 -9999 11857.99 191857.8 48185.14 22427.77 31599.38 31670.95 45277.21 44658.76 44378.52 83672.41 434373.2 148417.8 151263.9 156168.7 122614.7 132884.8 104843 74584.76 106478.5 98581.58 432123.6 1322211 2293349 1681297 93708.07 32379.38 4312093 2817328
-9999 -9999 -9999 -9999 -9999 -9999 -9999 -9999 -9999 -9999 -9999 -9999 -9999 -9999 -9999 -9999 -9999 -9999 -9999 -9999 -9999 -9999 -9999 -9999 -9999 -9999 -9999 -9999 -9999 -9999 -9999 -9999 -9999 -9999 -9999 -9999 -9999 -9999 -9999 -9999 -9999 5150.873 -9999 -9999 1014.885 51017.57 30223.15 40877.95 57883.21 266807.8 44324.79 48957.84 91740.41 195621.2 169308.2 118147 33545.69 51320.88 101480.7 98934.34 88297.61 77680.7 117351.7 160179.2 1112491 4712067 3323360 1193673 67222.4 661272.8 1455992 319131
-9999 -9999 -9999 -9999 -9999 -9999 -9999 -9999 -9999 -9999 -9999 -9999 -9999 -9999 -9999 -9999 -9999 -9999 -9999 -9999 -9999 -9999 -9999 -9999 -9999 -9999 -9999 -9999 -9999 -9999 -9999 -9999 -9999 -9999 -9999 -9999 -9999 -9999 -9999 -9999 -9999 -9999 -9999 -9999 -9999 4637.104 34715.5 65514.79 82723.24 85209.91 58914.35 49324.17 250283.6 121628.8 135281.1 112128.5 76331.61 48560.7 4503.788 1080.192 8556.138 229734.7 151328.4 156804.3 2568873 4592168 3013781 709774.3 1773297 1528478 400490.8 124756.9
-9999 -9999 -9999 2630 -9999 -9999 -9999 -9999 -9999 -9999 -9999 -9999 -9999 -9999 -9999 -9999 -9999 -9999 -9999 -9999 -9999 -9999 -9999 -9999 -9999 -9999 -9999 -9999 -9999 -9999 -9999 -9999 -9999 -9999 -9999 -9999 -9999 -9999 -9999 -9999 -9999 -9999 -9999 -9999 -9999 -9999 4346.85 45261.69 115833.3 105742.8 81679.84 47840.2 90884.55 290189.4 136369.1 120810.7 75864.4 67202.4 5437.563 -9999 12337.15 144905.3 298503.8 210050.3 662034.2 3968212 1768240 497202.7 1208642 1135172 412600.1 473887.7
-9999 -9999 -9999 -9999 -9999 -9999 -9999 -9999 -9999 -9999 -9999 -9999 -9999 -9999 -9999 -9999 -9999 -9999 -9999 -9999 -9999 -9999 -9999 -9999 -9999 -9999 -9999 -9999 -9999 -9999 -9999 -9999 -9999 -9999 -9999 -9999 -9999 -9999 -9999 -9999 -9999 -9999 -9999 -9999 -9999 -9999 -9999 646590.7 183183.2 370390.3 201346.6 7677943 271846.5 309216.6 681243.8 588124.6 306281.8 367378.3 316086.3 75423.05 11542.92 120410.9 380739.2 242507.2 376250.2 1274338 729049.3 143814.3 674931.1 681198.6 858117.9 918004
1468377 -9999 -9999 -9999 -9999 -9999 -9999 -9999 -9999 -9999 -9999 -9999 -9999 -9999 -9999 -9999 -9999 -9999 -9999 -9999 -9999 -9999 -9999 -9999 -9999 -9999 -9999 -9999 -9999 -9999 -9999 -9999 -9999 -9999 -9999 -9999 -9999 -9999 -9999 -9999 -9999 -9999 -9999 -9999 -9999 -9999 -9999 8.238522 761686.3 968003.4 539535.1 477260.9 301560.2 369820.3 881545.8 519286.1 456675 562822.6 1483199 401372.6 264323.7 259004.3 362430 249100.8 201223 156802.5 173223 189185.3 420113.7 181546.8 268140.7 353860.4
905761.7 54066.71 -9999 -9999 -9999 -9999 -9999 -9999 -9999 -9999 -9999 -9999 -9999 -9999 -9999 -9999 -9999 -9999 -9999 -9999 -9999 -9999 -9999 -9999 -9999 -9999 -9999 -9999 -9999 -9999 -9999 -9999 -9999 -9999 -9999 -9999 -9999 -9999 -9999 -9999 -9999 -9999 -9999 -9999 -9999 -9999 -9999 -9999 164270.1 75020.09 217273.4 245038.8 259492.2 237676.6 199412.5 377458.9 790626.5 736199.9 842743.9 4071314 725529.8 407389.3 194248.7 171059 224631.5 124674.6 161731.1 205912.6 31505.91 31738.7 81269.32 631222.7
1890492 1952975 -9999 -9999 -9999 -9999 -9999 -9999 -9999 -9999 -9999 -9999 -9999 -9999 -9999 -9999 -9999 -9999 -9999 -9999 -9999 709.6006 -9999 -9999 -9999 -9999 -9999 -9999 -9999 -9999 -9999 -9999 -9999 -9999 -9999 -9999 -9999 -9999 -9999 -9999 -9999 -9999 -9999 -9999 -9999 -9999 -9999 -9999 3051.161 61954.14 291848.4 923292.6 124273.1 219593.2 224357.9 140641.3 242218 337169.9 496357.2 776717.8 240885.7 377857.4 630444.2 455258.5 246673.3 236084.3 154194.6 424880.5 19680.69 36924.3 29356.97 381814.5
1852558 2292772 -9999 -9999 -9999 -9999 -9999 -9999 -9999 -9999 -9999 -9999 -9999 -9999 -9999 -9999 -9999 -9999 -9999 -9999 -9999 -9999 -9999 -9999 -9999 -9999 -9999 -9999 -9999 -9999 -9999 -9999 -9999 -9999 -9999 -9999 -9999 -9999 -9999 -9999 -9999 -9999 -9999 -9999 -9999 -9999 -9999 -9999 -9999 2771617 211435 200476.1 77617.86 108431.3 104866.7 25334.64 91905.03 164654.3 119736.3 140796.8 179732.5 248349 476941.8 313489.9 255528.5 250429 113092.7 453305.1 435086.8 850399.1 398869.5 436806.7
1371614 -9999 -9999 -9999 -9999 -9999 -9999 -9999 -9999 -9999 -9999 -9999 -9999 -9999 -9999 -9999 -9999 -9999 -9999 -9999 -9999 -9999 -9999 -9999 -9999 -9999 -9999 -9999 -9999 -9999 -9999 -9999 -9999 -9999 -9999 -9999 -9999 -9999 -9999 -9999 -9999 -9999 -9999 -9999 -9999 -9999 -9999 -9999 2749.783 850937.7 313044.7 183628.1 574168.5 58485.88 61413.08 49640.59 169274.7 66014.08 136654.2 137971.7 167184.5 255109.6 248028.4 182648.5 291030.1 166461.2 139114.3 235524.6 498289.9 1175559 401805.3 106470.5
-9999 -9999 -9999 -9999 -9999 -9999 -9999 -9999 -9999 -9999 -9999 -9999 -9999 -9999 -9999 -9999 -9999 -9999 -9999 -9999 -9999 -9999 -9999 -9999 -9999 -9999 -9999 -9999 -9999 -9999 -9999 -9999 -9999 -9999 -9999 -9999 -9999 -9999 -9999 -9999 -9999 -9999 -9999 -9999 -9999 -9999 -9999 -9999 -9999 76574.23 491138.2 144013.3 118497 75267.32 37314.28 66996.15 77682.84 34853.36 172649.3 201581.9 168051.8 178898.5 491796.5 214149 252191.9 165654.9 188289.6 156163.3 121904.2 226819.8 358302.3 480250.3
