src/assets/globe-data.asc
ncols         360
nrows         145
xllcorner     -180
yllcorner     -60
cellsize      0.99999999999994
NODATA_value  -9999
[rows 0 to 31 of 145, columns 216 to 287 of 360]
-9999 -9999 -9999 -9999 -9999 -9999 -9999 -9999 -9999 -9999 -9999 -9999 -9999 -9999 -9999 -9999 -9999 -9999 -9999 -9999 -9999 -9999 -9999 -9999 -9999 -9999 -9999 -9999 -9999 -9999 -9999 -9999 -9999 -9999 -9999 -9999 -9999 -9999 -9999 -9999 -9999 -9999 -9999 -9999 -9999 -9999 -9999 -9999 -9999 -9999 -9999 -9999 -9999 -9999 -9999 -9999 -9999 -9999 -9999 -9999 -9999 -9999 -9999 -9999 -9999 -9999 -9999 -9999 -9999 -9999 -9999 -9999
-9999 -9999 -9999 -9999 -9999 -9999 -9999 -9999 -9999 -9999 -9999 -9999 -9999 -9999 -9999 -9999 -9999 -9999 -9999 -9999 -9999 -9999 -9999 -9999 -9999 -9999 -9999 -9999 -9999 -9999 -9999 -9999 -9999 -9999 -9999 -9999 -9999 -9999 -9999 -9999 -9999 -9999 -9999 -9999 -9999 -9999 -9999 -9999 -9999 -9999 -9999 -9999 -9999 -9999 -9999 -9999 -9999 -9999 -9999 -9999 -9999 -9999 -9999 -9999 -9999 -9999 -9999 -9999 -9999 -9999 -9999 -9999
-9999 -9999 -9999 -9999 -9999 -9999 -9999 -9999 -9999 -9999 -9999 -9999 -9999 -9999 -9999 -9999 -9999 -9999 -9999 -9999 -9999 -9999 -9999 -9999 -9999 -9999 -9999 -9999 -9999 -9999 -9999 -9999 -9999 -9999 -9999 -9999 -9999 -9999 -9999 -9999 -9999 -9999 -9999 -9999 -9999 -9999 -9999 -9999 -9999 -9999 -9999 -9999 -9999 -9999 -9999 -9999 -9999 -9999 -9999 -9999 -9999 -9999 -9999 -9999 -9999 -9999 -9999 -9999 -9999 -9999 -9999 -9999
-9999 -9999 -9999 -9999 -9999 -9999 -9999 -9999 -9999 -9999 -9999 -9999 -9999 -9999 1.132576 0.03468356 -9999 -9999 0.7740609 1.892889 3.046777 4.022195 4.396388 1.980028 0.654048 1.042061 0.5882895 0.6860341 10.04923 3.454711 -9999 -9999 -9999 -9999 -9999 -9999 -9999 -9999 -9999 -9999 -9999 -9999 -9999 -9999 -9999 -9999 -9999 -9999 -9999 -9999 -9999 -9999 -9999 -9999 1.0042 1.213479 -9999 0.499088 6.108541 16.09234 5.532246 -9999 -9999 -9999 -9999 -9999 -9999 -9999 -9999 -9999 -9999 -9999
0.6514681 -9999 -9999 -9999 -9999 -9999 -9999 -9999 0.1701189 1.114956 1.34643 12.38043 6.468324 11.54653 7.717115 1.530531 3.501126 4.901709 6.411104 6.896267 7.218313 9.56547 6.819267 5.037825 3.704968 3.179485 0.8890512 3.956014 2.109037 0.491593 -9999 -9999 -9999 -9999 -9999 -9999 -9999 -9999 -9999 -9999 -9999 -9999 2.880494 5.636401 -9999 -9999 -9999 -9999 -9999 -9999 -9999 -9999 -9999 -9999 0.0003405574 7.988689 19.12901 30.97235 18.0623 20.70881 21.50181 18.81523 2.881583 1.890389 -9999 -9999 -9999 -9999 -9999 -9999 -9999 -9999
-9999 -9999 -9999 -9999 -9999 -9999 -9999 -9999 -9999 -9999 -9999 -9999 -9999 -9999 1.106779 0.7085068 -9999 -9999 -9999 -9999 -9999 -9999 1.413866 1.016417 0.1386759 -9999 -9999 -9999 -9999 -9999 -9999 -9999 -9999 -9999 -9999 -9999 -9999 -9999 -9999 -9999 8.173811 3.438733 -9999 -9999 -9999 -9999 -9999 -9999 -9999 -9999 -9999 -9999 -9999 -9999 0.5288389 17.08686 28.53924 19.49659 43.11884 41.76158 59.05622 57.57604 18.50668 33.75087 3.013894 16.49047 29.03798 10.5589 0.9533938 -9999 -9999 -9999
-9999 -9999 -9999 -9999 -9999 -9999 -9999 -9999 -9999 -9999 -9999 -9999 -9999 -9999 -9999 -9999 -9999 -9999 -9999 -9999 -9999 -9999 -9999 -9999 -9999 -9999 -9999 -9999 -9999 -9999 -9999 -9999 -9999 -9999 -9999 -9999 -9999 -9999 -9999 -9999 -9999 -9999 -9999 -9999 -9999 -9999 -9999 -9999 -9999 -9999 -9999 -9999 -9999 -9999 -9999 -9999 -9999 0.7004859 -9999 0.06104684 0.9796932 15.81645 4.87602 11.56156 59.20315 52.38761 50.11708 58.19993 44.80903 8.763938 8.233528 7.678361
-9999 -9999 -9999 -9999 -9999 -9999 -9999 -9999 -9999 -9999 -9999 -9999 -9999 -9999 -9999 -9999 -9999 -9999 -9999 -9999 -9999 -9999 -9999 -9999 -9999 -9999 -9999 -9999 -9999 -9999 -9999 0.01760655 -9999 -9999 -9999 -9999 -9999 -9999 -9999 -9999 -9999 -9999 -9999 -9999 -9999 -9999 1.453223 -9999 -9999 -9999 -9999 -9999 2.285804 6.693923 0.8961748 0.6412818 0.325809 -9999 -9999 4.274909 8.190002 -9999 -9999 2.384531 1.649607 15.58924 49.62854 73.38737 75.10882 42.44976 7.974143 4.471847
-9999 -9999 -9999 -9999 -9999 -9999 -9999 -9999 -9999 -9999 -9999 -9999 -9999 -9999 -9999 -9999 -9999 -9999 -9999 -9999 -9999 -9999 0.005192993 1.074633 9.239429 19.67332 10.62216 7.611361 7.815902 9.601158 39.32676 47.94338 57.83488 0.1158702 -9999 -9999 -9999 -9999 -9999 -9999 -9999 -9999 -9999 -9999 -9999 -9999 -9999 -9999 -9999 -9999 -9999 -9999 0.1641493 0.1496213 -9999 0.188467 0.3205585 8.313685 22.683 37.06163 24.03755 11.6284 24.23771 41.42547 56.70726 107.2989 119.9637 122.4947 123.5222 126.7441 117.8757 75.4842
-9999 -9999 -9999 -9999 -9999 -9999 -9999 -9999 -9999 -9999 -9999 -9999 -9999 -9999 -9999 -9999 -9999 -9999 -9999 2.565965 15.92089 24.97484 22.50797 21.36266 26.26803 16.87844 6.860202 16.96578 8.000692 9.691493 1.354275 -9999 -9999 -9999 -9999 -9999 -9999 -9999 -9999 -9999 -9999 -9999 -9999 -9999 -9999 8.896295 11.60102 1.312195 -9999 -9999 1.055789 13.42123 36.35426 64.44368 83.59032 91.88473 107.7654 128.2679 137.4563 134.5766 128.6761 134.1079 136.1937 129.4742 130.8476 137.2683 137.1052 137.2112 129.2801 135.966 135.5149 136.4125
-9999 -9999 -9999 -9999 -9999 -9999 -9999 -9999 -9999 -9999 -9999 -9999 -9999 -9999 -9999 -9999 -9999 -9999 4.553552 43.06988 67.26878 55.12341 64.04019 48.39956 13.4283 -9999 -9999 -9999 -9999 -9999 -9999 -9999 -9999 -9999 -9999 -9999 -9999 -9999 -9999 -9999 -9999 -9999 -9999 3.302555 -9999 -9999 4.234275 5.183296 5.418113 24.97939 73.55499 135.3927 147.3365 146.4336 145.7623 145.0325 146.2213 147.1181 147.7158 146.8974 146.4893 145.4418 142.9805 128.0819 100.4524 95.12043 125.5077 126.4686 105.2825 128.9755 134.8506 115.4692
-9999 -9999 -9999 -9999 -9999 -9999 -9999 -9999 -9999 -9999 -9999 -9999 -9999 -9999 -9999 -9999 -9999 30.39777 103.5793 122.9031 103.8621 43.85361 0.5360115 -9999 -9999 -9999 -9999 -9999 -9999 -9999 -9999 -9999 -9999 23.97322 1004.436 343.3154 -9999 -9999 171.0804 112.5838 115.1815 -9999 0.5705228 3.575431 37.28862 94.3531 100.3906 102.1854 113.9019 112.7524 123.7864 133.2029 150.7504 151.9707 150.4699 151.3837 150.2578 150.7214 150.9126 152.2151 148.7686 143.8206 145.1781 143.3659 145.34 133.0969 147.5399 141.5026 147.8407 147.1337 110.4369 80.07241
-9999 -9999 -9999 -9999 -9999 -9999 -9999 -9999 -9999 -9999 -9999 -9999 -9999 -9999 -9999 7.150922 56.16776 143.6856 148.4148 91.66209 5.111461 -9999 -9999 -9999 -9999 -9999 -9999 -9999 -9999 -9999 -9999 -9999 443.1671 2654.996 2593.526 2613.442 1642.058 -9999 374.0145 1166.75 101.9776 794.3372 869.2593 176.6467 33.21581 107.9388 146.2785 159.3975 154.2492 159.7927 159.0846 156.6461 153.7315 157.9402 154.7189 153.3672 157.4248 156.3904 157.3913 151.6664 148.4765 144.2993 142.0761 124.6699 148.0333 151.593 146.9584 145.272 140.6047 141.0551 149.2338 155.0336
-9999 -9999 -9999 -9999 -9999 -9999 -9999 -9999 -9999 -9999 -9999 -9999 -9999 -9999 -9999 38.01714 98.60761 122.062 155.0128 121.3271 15.62897 -9999 -9999 -9999 -9999 -9999 -9999 -9999 -9999 -9999 132.2152 1215.289 2545.987 3210.162 3177.892 2934.994 796.3108 1595.159 3094.191 1389.65 1713.721 2031.201 2549.977 2059.731 410.4521 123.2607 86.63971 119.7222 166.8032 165.6481 166.8503 169.3376 159.2066 159.7392 161.8117 158.0574 158.3085 156.9036 150.8728 142.8695 147.6761 151.4683 150.4321 160.1695 167.7096 165.2685 164.5868 173.7543 175.9102 175.9115 175.3835 175.509
-9999 -9999 -9999 -9999 -9999 -9999 -9999 -9999 -9999 -9999 -9999 -9999 -9999 -9999 -9999 -9999 0.00021344 13.24113 47.75875 58.87194 57.65796 18.2794 76.08392 136.5386 4.972514 -9999 -9999 -9999 -9999 -9999 204.8202 2326.183 3068.574 3359.998 2949.281 2946.085 1870.993 234.6393 2959.861 3109.983 3103.475 3055.793 2915.872 2631.279 1378.104 164.6283 127.1938 124.1977 174.6341 168.0661 165.317 161.9936 163.2463 169.9665 176.4778 178.0871 178.1501 174.7658 171.2113 171.4827 172.9294 176.3507 175.7652 178.5587 184.1784 183.9613 184.6241 182.2571 184.9009 184.8219 185.0416 184.9772
259.5268 -9999 -9999 -9999 -9999 -9999 -9999 -9999 -9999 -9999 -9999 -9999 166.0462 228.1845 23.12475 -9999 -9999 -9999 -9999 -9999 -9999 -9999 10.91198 107.9433 253.6688 415.4512 382.8383 331.9336 354.9232 552.5705 256.5404 1480.616 2849.526 3087.915 2844.95 2947.914 1726.492 797.1376 3091.583 2652.706 2894.05 3316.674 3404.585 2102.994 1212.342 1160.071 426.7281 167.8588 166.1582 158.6939 171.5195 80927.63 90445.56 169.608 177.4585 186.1858 191.5265 191.1266 188.8821 164.5538 142.8493 123.4572 113.8441 106.1413 122.7502 131.6592 148.4469 155.5929 151.6394 152.7652 127.2137 107.0111
1177.661 694.7003 367.3285 1080.462 -9999 -9999 -9999 49.20779 255.8625 268.0347 66.09841 -9999 104.1548 87.20115 138.7059 247.4451 272.0116 305.7507 128.9562 293.7998 314.8416 313.972 438.4736 255.6318 386.1932 520.8735 551.7144 645.8351 5390.414 5248.548 3441.706 2307.687 1399.183 2987.108 3106.335 3129.115 3161.459 708.7056 1392.86 3229.319 3124.044 1424.677 3548.673 3600.465 3374.079 3570.383 2326.611 206.5315 192.935 178.1947 179.927 5355.598 171.8071 173.326 172.006 184.0697 182.2749 156.0399 123.8349 97.4219 96.97215 97.11469 95.05357 96.90427 96.72359 95.6954 89.31272 93.52328 94.52937 95.92443 93.08076 58.45169
1075.501 1050.094 1075.145 1767.665 1279.733 128.1698 -9999 36.59823 483.1593 241.2855 70.91986 69.64005 404.3201 533.6339 556.1473 536.349 3369.238 19357.46 572.1519 576.62 559.348 543.3674 541.4936 547.7297 566.462 1334.422 6834.417 15904.7 20990.82 15561.22 4765.816 3685.415 3544.178 3443.026 3363.093 3152.517 2058.162 243.1038 2424.765 3727.767 3652.398 2664.399 3302.631 3533.894 3411.056 3661.483 1224.235 354.4771 289.2165 373.8599 355.1016 253.8079 281.996 290.7226 287.9709 154.9565 97.05399 99.79523 100.4225 99.8005 101.7428 101.6916 101.9418 101.4558 99.36922 95.85499 94.00732 98.02531 101.6941 101.7361 88.59794 62.17235
1105.2 1293.705 1333.1 1171.771 629.0275 269.2737 637.5299 417.5593 687.4661 688.5372 514.6758 554.9971 709.4816 841.6779 1103.954 1395.329 1378.684 2947.43 7532.416 7580.337 7455.836 7654.555 7281.508 5580.323 5543.64 5718.818 13466.88 14075.6 8503.986 3983.692 3347.265 3495.758 3457.819 3131.434 2832.526 2035.591 1850.038 3436.472 4026.49 3897.15 3889.139 3609.009 3873.978 4030.457 3783.92 3502.74 3683.103 1135.385 430.6653 425.6013 404.2712 412.2387 436.2086 292.9194 155.987 105.7136 106.0928 102.7656 103.2392 104.8157 105.4907 106.2914 106.2775 106.2397 105.7409 103.884 105.0099 104.9859 104.8088 104.4263 875.1234 1131.732
225.9288 441.0566 -9999 655.0225 5126.823 3920.705 2338.648 2034.822 1599.564 1528.754 1495.956 1400.614 1519.567 1589.091 1612.675 1614.228 1734.453 4832.999 5643.644 8708.675 9166.003 9091.762 9573.447 7089.831 6327.464 10185.14 8951.846 4254.667 3693.227 2769.274 4112.931 4147.319 4155.93 4136.959 4223.75 4162.495 3945.082 4124.853 4179.292 4107.249 4015.869 3707.92 4058.198 4080.989 4099.756 3682.082 3950.012 3810.446 1592.876 471.3997 469.3547 441.6621 435.7148 175.5904 110.0081 108.5724 109.7274 109.4805 110.3601 110.2939 110.6525 110.7387 110.6165 110.5087 110.1826 109.8195 110.9232 110.1965 107.8537 111.2738 1289.498 2407.644
1448.668 4161.958 9707.23 180264.4 413890 7137.74 6355.215 5100.469 4245.836 2419.534 1951.66 2052.801 1988.901 2290.648 2644.114 3971.231 20273.21 15228.21 10096.12 12475.43 8482.981 6586.779 6575.263 9535.476 16186.81 16155.36 14710.72 9204.502 9214.084 8171.676 9852.967 5605.231 7374.656 9269.659 6433.54 4199.396 4181.516 4031.897 3787.815 4069.99 4028.682 4081.473 3751.894 3951.45 4151.663 4242.127 4427.768 4489.06 4261.783 3424.245 479.4625 466.3833 497.0854 419.7616 319.9325 238.3488 117.5536 113.8151 114.3952 114.5758 114.7605 114.3569 114.1763 113.9988 114.0513 114.4632 114.6625 114.8646 114.754 286.2044 1372.961 1802.774
9355.258 7140.013 8178.458 9071.443 12136.07 11520.02 8043.432 6056.879 5232.727 4799.564 4458.284 3309.565 3138.721 3262.65 4714.769 5253.982 21236.28 44040.33 22208.82 12791.35 4804.337 3081.492 2958.846 11264.51 17061.39 16277.32 16895.18 16775.39 15426.22 14029.82 16458.59 16675.35 16504.98 16334.34 14403.78 9049.203 7931.484 6941.093 5321.183 5115.329 4151.038 3773.152 3648.736 4363.202 5239.594 4730.23 4536.126 4585.102 4624.652 2324.581 504.694 481.0115 514.5012 513.3959 514.9186 453.0902 139.003 119.4775 119.5549 118.7024 117.6757 118.0345 118.5597 119.0132 119.2102 119.353 119.1972 118.6648 118.4412 118.0678 131.6785 147.9367
9637.687 9999.412 10270.76 11003.65 29352.54 19194.7 7572.753 7148.578 5771.847 4891.052 5248.724 4878.94 5811.544 18029.8 12963.95 5763.871 5719.829 15260.61 18771.02 4337.99 1986.729 1998.115 1997.061 10343.98 17611.85 17547.94 17670.72 17651.77 17145.76 15892.98 16204.77 17342.02 17369.79 15675.55 14239.65 12941.59 11952.5 13449.71 13335.78 14500.85 14220.69 11753.73 10371.26 12481.26 16137.35 15214.22 13711.1 10756.24 5884.007 999.8347 531.15 533.0513 517.899 524.0771 396.4808 177.8382 123.088 123.5967 123.5181 123.6792 123.6846 123.5632 123.5994 123.6461 123.3613 123.2991 123.5514 123.749 123.7642 123.4428 140.9361 156.0953
8893.055 11484.36 10626.3 14012.62 20628.38 28017.35 23265.23 16341.01 13763.1 14291.99 86853.83 54478.05 10303.69 18094.78 263373.6 11731.14 6061.563 6302.971 5964.751 5932.279 4634.598 4522.19 4865.668 7209.521 10119.84 11462.29 15528.3 18264.11 18251.16 18071.59 18051.12 15551.62 17011.13 16201.88 16835.83 14639.5 15478.41 14664.64 15910.9 16480.92 16762.05 17816.58 17945.32 15879.95 17230.47 17331.02 17235.87 17245.21 16086.41 7386.401 921.5639 890.8376 819.8807 524.2791 459.6373 133.0133 287.5486 299.4912 277.7365 149.5372 126.7693 127.1314 127.2646 127.2326 127.0491 127.5459 127.6964 127.7683 130.1182 147.156 161.3658 160.7886
14779.03 12145.61 16297.21 19456.24 20067.77 18548.4 20899.94 15837.93 12406.92 31384.87 36473.41 23002.8 14877.79 10348.82 7397.757 6961.63 18733.46 20265.91 20286.74 9805.161 8190.865 8476.029 8665.273 42599.14 28609.91 13199.56 4907.574 15632.44 17873.21 16302.85 17474.1 17497.56 16765.6 15388.45 18624.98 18377.5 18414.43 18351.2 18643.54 18538.63 16403.55 47093.8 5148.127 6494.526 6118.021 7764.018 6173.028 2244.593 2662.941 1550.484 1559.294 1557.616 1553.552 1434.072 1305 1204.538 1388.495 1437.012 1429.819 408.3031 131.7504 131.1195 131.5114 398.9614 133.0423 131.3353 131.3526 131.8618 141.3618 162.1876 166.8228 165.565
23337.16 312052.5 76544.05 345325.7 62999.38 30562.7 18546.12 12483.87 14576.06 18019.71 18112.47 15157.12 19549.03 26944.85 12971.52 17020.91 25600.28 20797.42 22344.98 21499.43 267589.9 38677.02 41418.66 32391.83 125991.5 50240.39 3519.218 3716.367 12898.81 16928.72 17337 15029.87 10519.69 3812.942 4536.367 7110.62 14737.74 19282.09 19350.97 17564.27 7662.17 1718.699 1717.538 1615.551 1500.501 1586.554 1885.411 4426.913 2671.949 2401.084 2413.262 2089.478 1767.835 1606.296 1580.942 1528.47 1485.996 1477.77 2592.34 3530.804 3171.003 3784.19 4416.83 5216.835 3529.584 2977.114 1753.322 423.8893 137.4543 165.6272 171.7083 171.7728
35445.13 35753.28 26373.72 61607.87 50414.25 64551.9 38476.48 21269.56 34898.27 53842.7 23123.21 23510.48 66221.92 577327.6 136191.9 42807.13 148526.8 47568.11 65164.78 134285.9 210436.1 132584.2 70189.48 188942.1 87424.53 37067.53 22465.86 14582.83 9538.06 29007.17 14221.78 9353.191 109646.5 5161.52 6536.215 4122.579 2827.15 6397.854 11803.41 6393.886 1642.21 1735.546 1830.195 1900.372 2536.725 7857.908 12834.41 15061.65 3342.033 2747.515 4491.09 3916.199 1891.865 1655.608 1658.499 1646.362 83269.69 7101.936 5492.008 5624.25 5723.691 5729.624 5402.302 4570.214 4135.583 3898.046 48970.4 3238.552 1867.812 402.1959 1633.449 1738.93
57638.71 96705.72 282436.1 731432.1 527062.9 313160.6 163996.5 36396.02 45161.86 60687.46 72222.25 50465.68 64150.22 62865.24 36212.37 37689.47 72321.73 145206.4 99857.86 500662.8 602596.6 100600.4 125768.7 379213.2 253524.5 233452.1 94333.8 76107.84 45439.75 669631.3 37082.34 19274.83 10844.56 10393.41 11127.88 10317.52 9008.813 16231.6 19803 13879.46 3229.269 2842.12 2839.518 4891.439 4146.125 7330.139 9267.795 15113.94 22624.72 32447.01 9107.845 6177.627 4073.282 5278.257 5274.298 6360.311 11669.66 13702.18 8726.073 9349.159 10419.36 10867.92 15816.8 8998.941 6863.502 3441.566 46718.68 12568.32 11844.66 8366.472 10283.09 4437.611
337882.1 815076.9 559490.6 198012.6 631582.9 476354.8 164275.5 1567235 462149.6 71689.62 94061.41 920985.1 205854.1 143167 140034.2 124289.2 183503.6 861748.4 302047.6 98869.02 89780.7 99670.88 71820.55 173529.5 1668887 340876.7 147408 137872.5 47326.16 74660.06 104474.9 40900.02 38180.02 97588.58 26998.29 17849.96 15960 20053.45 30960.9 21370.23 12318.44 12274.33 6624.119 6837.242 5564.463 6152.944 8561.201 29912.63 368892 428260.9 93813.91 44996.51 39140.18 37478.16 178479 23334.86 508082.5 315488.9 103362.6 129186.6 28944.61 26463.77 16741.51 9667.34 11269.18 256161.6 11494.39 16516.49 16698.47 10636.28 10287.5 3827.387
726815.9 1.405594e+007 1739400 367332 172731.5 150516.4 295402.9 274726 151337.9 115978 188976.8 309562.6 484990.3 1081405 161888.4 434615.4 715646.2 126702.7 155403.1 153372.7 87793.88 89220.41 99813.65 216135.1 298350.9 1314826 64239.83 53959.89 68906.36 396675 37328.85 31438.77 54256.86 115631.1 30311.93 47033 58185.8 484601.3 54754.7 41351.44 32242.25 41938.66 48777.39 20933.84 15695.63 27938.44 641933.3 236525.8 149845.1 221676.1 499075.6 26549.02 33809.79 85662.13 50405.66 20301.36 375869.4 58138.11 52419.24 18707.31 24282.44 20108.77 14283.89 9878.845 12469.3 12263.62 12426.03 7562.083 5291.722 4954.377 4228.837 3975.374
511696.8 982981.6 433273.1 701559.9 100045.4 134094.5 97979.71 201394.6 146391.2 474416.4 145626.3 128502.2 774946.8 211806.2 137322.8 149556.4 301898 348364.8 205106.8 476250.8 902425 99736.83 135664.8 202618.5 156195.7 326811.5 48294.75 35645.33 46317.75 31323.13 25789.14 31016.7 93838.54 93101.36 32787.94 64409.57 76191.5 849423.2 77886.34 39684.61 26596.92 33852.41 35177.53 30110.54 32109.29 45720.53 441800.9 696302.3 55126.05 135540.2 361379 34100.45 41739.12 33058.36 29535.95 27973.69 15703.98 14991.81 13823.74 11652.87 10461.26 12172.54 10761.4 10763.71 59069.66 21574.56 51851.8 5429.716 3547.815 3378.538 3879.228 4003.175
198781.8 214765.1 315097.6 164691.6 129034.2 127160.7 97149.23 128320.7 347886.2 508684.5 201479.3 104580.1 298210.6 1126527 1223808 162064.1 144999.2 79861.63 93145.7 500443.7 197396.1 55878.19 239650.2 318203.9 74745.64 42785.67 63267.95 251248.6 66141.86 26117.66 23856.98 32084.62 51956.63 115127.1 54178.84 16811.05 12715.63 19011.18 29405.62 18796.78 22192.64 36703.88 61077.94 47268.63 37066.74 84649.73 65709.72 831206.8 105917.2 44189.63 323203.8 666260.3 79726.56 38475.98 38240.34 403359.7 22556.77 12083.98 11639.48 8552.948 5625.311 5886.924 8877.354 10523.54 15255.9 21084.73 66544.03 96766.87 30978.43 21430.6 6324.473 3484.527
