src/assets/globe-data.asc
ncols         360
nrows         145
xllcorner     -180
yllcorner     -60
cellsize      0.99999999999994
NODATA_value  -9999
[rows 32 to 63 of 145, columns 216 to 287 of 360]
392588.8 159117.9 256236.8 725548.8 244721.5 516403.8 120922.7 134697.4 129629.2 103677.9 105486 152861.7 119034.7 151278.4 97332.58 65081.11 146837.1 80522.45 56057.53 147435.8 80116.95 35387.7 132888.4 37980.14 50192.32 31548.91 51727.08 116247.3 35092.4 16879.05 25503.49 25287.55 34586.87 86360.03 50655.3 16622.05 15112.64 13020.25 33179.18 32462.57 137088.5 247255.9 76763.48 53611.8 54672.09 58185.63 80768.29 48700.23 133389 228183.6 29743.8 21224.45 25353.57 11196.52 40276.13 42941.26 11694.39 9354.896 12092.53 6341.705 1018.786 1027.443 1537.955 1528.471 3029.313 11725.99 27643.48 384170.2 666260.1 41131.05 14412.91 13735.18
588339.7 322375.5 291602.9 1253561 158261.5 137650.8 207817 142892.3 82693.24 760501.3 551084.7 204439.4 103541.8 56629.38 122433.8 138153.5 81164.54 55776.97 81607.73 635597.4 57516.36 85033.36 404943.8 64346 37175.98 24473.76 9846.947 13637.78 8619.3 15247.65 16561.61 15532.25 31289.55 27986.44 163964.1 326676.5 53833.88 18958.98 52429.31 40064.64 32689.07 37977.95 15587.55 29186.37 37248.71 213898.4 48663.9 26820.28 35699.63 92693.09 40757.58 7649.96 6089.086 9597.136 26488.41 16858.52 19647.74 19590.69 129377.3 6286.432 3072.805 2861.555 2802.04 3163.613 3504.6 6565.165 14396.44 57696.28 39192.36 31668.54 54829.37 455776.6
1476314 246011.6 213731.9 236610.3 186211.6 111801.9 105135.6 132009.5 80038.84 211874 66063.09 48637.65 46996.03 26936.45 47492.81 34807.16 18922.26 22457.97 25037.5 21827.65 74503.91 388401.7 26224.57 26154.91 11197.3 7189.77 5132.235 3742.187 4407.175 5966.109 15758.64 16888.49 14650.12 7413.687 71743.99 243174.2 71113.5 132126.3 214611.8 18117.31 9276.594 12310.58 21379.49 58224.05 70129.71 97170.18 91596.34 87242.73 32941.2 11259.28 10121.52 6987.299 5388.541 7706.881 10408.3 14905.3 16711.26 9748.041 9846.015 7451.393 4434 1557.204 4089.81 5120.054 5693.759 3001.955 8140.045 12803.54 18054.76 21455.98 64041.96 38676.34
1184200 277184.8 221321.4 158030.2 129002.1 70840.32 51076.76 90519.32 68973.62 71501.03 30648.28 15376.65 14644.69 12131.19 9955.924 12494.18 12800.52 13215.58 13386.72 16235.41 25277.53 24062.8 19664.26 12484.51 4740.836 4204.926 3863.348 3187.91 3482.265 5773.97 12790.33 13146.69 4763.531 4359.938 4547.15 19807.84 148623.3 226837.5 100825.4 11613.82 18042.55 79814.35 62870.52 21680.92 19822.54 53871.14 197106.8 88159.02 38275.89 18021.2 13945.51 6949.485 8672.923 16242.2 8032.363 17802.03 6467.554 4155.814 5064.144 7591.479 4910.303 4515.167 5984.382 8145.048 46042.25 11662.82 7235.442 4590.125 72874.87 77034.63 37789.05 7336.255
292594 1608953 1931143 1130050 333248.8 117926.7 68721.79 93316.51 1466141 71680.35 68252.43 11953.95 8961.123 9076.233 13143.14 18323.77 15259.39 10539.32 10443.92 5785.63 8766.007 17371.79 12752.44 7943.993 4352.586 3328.931 2785.498 2790.802 7831.82 10306.05 11071.9 11093.55 10694.12 7996.237 6200.071 6497.4 5699.061 5581.643 11687.6 15425.15 15598.41 29353.9 21124.86 8796.226 12963.24 16081.29 19175.82 12411.3 12036.44 17326.88 56430.99 15670.7 29879.27 32595.15 10025.24 16373.2 4541.772 2546.394 3199.163 4156.021 3689.848 5543.042 10836.42 10811.24 10588.07 11264.4 9374.71 17696.76 33583.86 16539.76 394668.2 104646.6
200297.5 1454195 689416.6 1640036 687083.1 161963.9 243099.3 61078.13 25376.04 20064.36 40089.14 40226.11 33048.69 20164.2 16177.16 52120.57 130051.2 27335.51 18983 3649.248 2996.888 4332.181 6547.951 6058.205 6674.296 11591.83 6681.43 7134.624 10721.25 11287.55 11308.98 11218.7 11189.32 7718.375 6613.874 6290.465 5716.863 7241.628 12592.61 17709.66 17663.43 14447.48 14289.46 13446.31 21694.32 21209.85 19913.25 21279.05 21550.61 44529.27 71649.66 152259.8 83352.3 25411.94 13445.94 27775.68 6008.062 3460.855 2687.383 3101.18 20581.85 3517.812 4330.453 5823.87 7927.069 29438.74 16673.12 13456.64 9977.898 6259.507 503676.6 195106.8
164982.4 36159.21 261437.6 299727.8 198177.8 181441.7 86013.91 41699.6 128005.6 11572.7 24419.36 242338.7 474043 19236.11 2263.552 42339.54 65407.05 17180.88 19072.06 12976.1 5981.776 3517.256 6077.885 8593.643 9782.033 12946.67 15817.8 21691.08 12958.13 11172.93 11403.78 11493.46 10552.15 6773.704 6745.613 6114.872 5790.652 8907.121 7523.146 8271.892 13404.87 15236.78 17160 21698.04 20710.09 18724.61 126587.3 263890 46211.27 31163.3 18716.95 33769.76 22648.12 36233.97 51960.5 7724.118 4738.314 4517.776 3481.394 7271.978 15118.56 3859.515 3862.396 5970.942 35548.45 14360.12 42321.95 11278.33 7669.112 6039.932 3550.748 2682.669
227735.8 311394.8 784762.5 903402 530817.8 569764.3 308955.3 126549 54213 21404.26 25450.96 55378.05 27009.09 1.81292 138.1726 5288.996 2213.274 10200.23 8877.37 11740.4 18978.61 35704.73 32885.24 13142.46 11264.65 15427.26 17077.92 25303.3 17298.49 85777.44 12999.06 13335.55 11255.53 11074.92 11089.78 8719.859 5780.477 4113.449 6225.359 7524.721 14104.74 20660.43 80261.29 29148.67 25010.15 59873.86 44610.38 50164.57 290218.8 87371.75 9953.725 299.8665 1472.83 2689.521 7995.841 6523.743 1978.544 2146.797 2110.464 3144.333 3138.302 3260.82 4011.255 3403.063 4104.582 6705.563 4707.497 5643.317 4102.275 4896.886 13125.27 2650.539
-9999 420381.5 357523 504333.8 395126 630191.9 603097.2 632452.2 206838.3 87401.59 57258.01 14967.19 -9999 2.056576 6233.749 9492.271 5790.68 5174.264 10481.44 8786.457 98733.33 98752.73 63201.78 21130.98 34654.69 20621.34 20017.57 20378.07 12936.56 169848.9 21677.18 22625.41 11557.48 11341.22 16266.93 11893.99 5871.729 7217.51 39777.01 47900.44 135554.9 85800.14 114153.9 125641.7 303570.1 226019.7 261669.8 44850.31 429982.6 473858 704021.8 642910.3 92093.26 122637.6 15480.68 5043.966 1490.05 2469.635 899.6077 816.8497 1520.506 746.553 1264.284 2045.5 3325.591 3313.309 4020.786 2552.902 2187.911 2902.704 1787.1 1256.803
-9999 -9999 -9999 246507.5 292474.7 186185.1 313112.8 697532.9 824031.9 908451.4 833077.4 530149.8 -9999 -9999 46.08507 264912.9 13917.87 16716.9 19896.89 16924.92 100453.9 100453.9 99051.82 99593.63 99805.01 88496.83 53484.58 51621.11 49516.24 39527.42 27136.72 63350.16 281101.4 38187.11 90307.85 275050.8 80037.1 80186.63 169862.7 79974.48 1568784 407999.9 180349.7 72683.92 141777.3 1074712 367159.3 231189.8 23311.71 15963.88 58602.65 3046286 64202.78 213036.5 88772.32 23434.36 88206.51 84096.51 22576.55 4197.724 1261.524 809.9384 1147.772 1231.178 1542.762 1533.715 1694.201 1726.727 20134.29 4969.826 4626.652 3789.896
-9999 -9999 -9999 -9999 727.5105 306105.5 579106.4 252346.5 419508.9 227239.3 340418.9 876653.5 215762 -9999 -9999 525.9885 10731.58 22827.61 26607.15 21027.34 102099.9 94953.65 161457.8 135891 102228.3 100015.5 72539.97 70605.69 70610.36 69587.21 33558.04 41426.16 70248.92 1075487 393613.8 306036.3 143757.1 123771.5 1285652 232175 159707.7 69412.74 154421.2 66884.48 60199.64 57036.93 23820.29 11379.4 19674.36 36035.54 295032.3 37567.61 93153.67 295730.9 81182.14 -9999 14793.55 310770.2 16039.76 3609.36 551.9412 1596.309 3962.459 825.6698 3046.799 4218.187 4290.632 1340.007 1275.713 1359.264 3181.51 9192.131
842358.1 159726.3 6875.654 93062.08 99501.37 448842.2 278527.2 249849.2 1588093 636653.3 430901.5 329157.1 607522.3 24916.62 -9999 -9999 7960.381 627.2936 37089.61 33015.47 109803.8 150569.5 204517 204630.9 1012234 401855.2 176967.2 73097 71688.44 71655.8 93741.58 153118.5 311777.5 3259598 1246765 868314.8 533243 311643.3 58045.71 79056.36 57406.95 46336.41 47684.3 214112.8 548288.4 158403.3 705685.8 193375.7 93142.86 81426.56 571559.3 18767.46 2223.187 15633.27 -9999 -9999 -9999 258.21 9056.574 6438.99 1980.023 531.5325 21.90372 1825.874 4197.79 4099.377 7439.218 774.7196 1039.852 7809.092 27689.05 154341.8
611352.4 648913.9 451602.7 696848.9 387087.7 267991.1 210672.9 483076.4 1968303 503614.7 960103.4 853655.4 487877.4 2326177 274451.7 -9999 9281.876 36546.67 41936.7 52229.24 69250.02 196302 192071.5 207173.6 164318.2 147877.6 590876.3 361319.1 310612.2 169127 857799.9 477873.5 1255316 1650115 1989034 3137673 2965728 601983.4 92323.84 19903.92 32118.53 12614.32 44947.55 105750.2 385523.5 146679.9 22902.19 4267.712 916.9056 568.0896 4980.267 6659.571 2348.497 2609.762 -9999 -9999 -9999 1758.839 124243.1 88085.79 87144.54 65152.2 73119.41 35333.87 1644.854 100.8939 775.1 1405.703 1468.364 4922.723 170150.8 720909.9
348769.8 204347.6 60371.41 241155.1 180718.4 415333.5 353498.7 566871.3 542203.5 440382.7 473299.5 630422.3 900022.9 180936.7 -9999 -9999 337.5823 26039.47 52981.58 52924.03 58886.76 103964.4 103970.1 106412.4 146831.9 159223.8 175258.5 305992.1 394156.7 1154665 1474791 988673.3 415436.2 358691.1 200471.6 140109.6 119554.4 66661.62 56245.98 804557.6 1147355 339812.3 207816.8 66400.47 -9999 -9999 -9999 -9999 -9999 -9999 62.91805 3436.026 8365.071 2382.968 1184.282 1.395925 1858.219 6062.887 54677.85 10048.96 8184.103 67537.98 666072.3 192823.1 205428.5 9167.776 10534.23 31471.61 3292.64 30008.99 998251 101729.3
204228.6 266361.3 757035.5 657849.6 656560.3 507705 348883.5 618246.6 585538.8 636533.4 1260915 420852.7 1225366 2732.048 -9999 -9999 -9999 6484.478 53738.37 69286.52 139124.3 140719.9 105379.4 105256.4 142082.9 187863.5 167324.5 153228.9 256255.4 620799.7 852307.2 1006558 2097751 736755.3 243437.2 61842.05 22853.53 3980.87 9471.223 48656.4 274749.2 1127690 1054.586 -9999 28009.77 15189.23 408.9022 449.3333 4.537677 46627.45 4644.817 5467.881 12663.13 1272.062 2726.623 10570.14 3013.723 389.1024 2604.11 3393.932 70.61086 1519.185 3778.402 33583.81 707018.6 268762.8 630046.3 172719.6 9727.347 148879.5 2352055 89016.14
1059455 1491165 947061.9 929611.6 896920.2 1114101 957239.8 489446.3 996262.1 717350.3 1238877 323315.6 493437.6 1521947 307114.9 -9999 -9999 6438.712 335501 552665.2 160232.3 409091.4 1325864 127722.3 114405.1 183330.3 191085.1 170982.8 169937.9 169829 477041 826054.3 1379431 1206156 456728.4 112864.2 52495.15 7089.598 11396.83 28149.79 73789.65 376081.1 221757.2 938632.1 277408.3 44042.86 18936.88 5486.364 6194.788 3210.674 2039.432 77.51603 7.433784 51.78152 1274.167 9932.927 5380.41 589.5323 685.9188 5731.923 6677.161 65347.59 29442.12 32078.57 49597.76 295140.2 946015 392750.2 220245.1 769859.1 726666.3 380466.7
1958829 4251511 932595.3 503129.3 619815.9 591249.1 1587144 1190527 1327473 737016.6 581379.4 260637.8 487718.6 717486.9 999230.1 907972.8 1433223 862785.9 792037.7 151545.2 105570.9 264671.5 450357.2 1875930 649109.5 167182 193369.4 191060.6 279503.3 426557.3 757324.2 712115.3 884163.1 812046.3 322165.6 168380.3 171864.8 109435.1 111706.4 55601.75 4490.473 2784.344 10466.65 83347.41 85107.23 230494.8 25092.33 2996.948 1102.402 37.59052 -9999 -9999 -9999 -9999 -9999 684.8212 1258.808 1044.21 180738.4 18935.73 4431.921 43549.67 34918.16 27433.89 104064.4 2449607 1091650 2980343 1015190 690382.1 638812.3 461464.3
2789910 425549.8 317730.7 436064.1 372633.9 146519.9 344167.5 1005664 1271021 1321606 733290.8 423208.2 442809.4 406905.7 2252938 1.173993e+007 320547.1 120909.7 61170.69 46527.8 65381.33 164752.9 450448.8 710876.8 696610.4 188989.2 237717.9 217507.9 435229.6 263510.9 282271.7 193330.2 374654.1 772070.9 130857.5 623187.6 1962824 477293.4 231417.3 132261.4 75515.38 14048.64 1233.021 1608.216 612.1031 3462.752 1027.157 -9999 -9999 -9999 -9999 -9999 -9999 -9999 -9999 -9999 108.1694 1862.949 9105.104 1367.826 7159.696 8671.821 9307.139 41034.89 154407.1 143710.2 680593.4 2279737 1386272 1588770 1601768 1881993
2636477 152486.6 34781.75 77727.66 447067.9 173198.2 174848.2 490649.9 521947.2 452444 789729.6 897986.4 1221125 720357.6 775309 720240.1 95432.38 74530.11 47883.77 38378.74 28553.59 50334.92 126660.5 138051.1 201063.6 196454.7 944114.5 259059.7 113461.5 170862.6 261508.3 298025.4 709091.6 4164478 1683531 6307942 6094677 3426730 3197007 820065.3 127580.5 20739.07 13959.22 968.0873 1229.286 30.063 -9999 -9999 -9999 -9999 -9999 -9999 -9999 -9999 -9999 -9999 1470.124 1695.853 5381.025 22579.41 7986.756 4015.846 4103.772 18668.6 60808.47 59197.14 137648.9 467585.5 1191220 2742695 772410.1 3299524
4595139 44787.03 8590.385 12710.79 21601.37 40847.17 260836.7 932659.9 7740081 237664.4 412747.7 519383.5 912439.3 556221.8 485777.2 460309.3 51385.84 20562.73 18882.97 17583.16 12889.52 35612.43 68683.28 105959.7 85439.48 107174.6 158405 122402 176929 220345.8 263360.3 428112.7 955427.7 1053738 1710138 4220098 5274663 5787755 3247395 2157114 122462.5 29812.34 27654.56 6586.84 2088.544 743.8267 76.96614 1393.363 2338.353 1466.653 1873.929 852.1995 440.3337 68.11835 441.3526 879.2879 647.472 1733.143 4629.397 36189.09 66229.98 59248.36 21542.75 33161.05 40256.36 47024.52 72102.15 74151.22 763291.7 1014090 1145547 1436878
2164365 36610.8 5591.508 6262.305 3286.577 3244.026 30349.72 678478.8 2732937 919516.5 467011.5 354048.5 667288.4 367521.3 595300.6 1514188 1211983 115627.2 251824 33745.17 17044.59 14028.04 108463.3 80125.78 59485.18 95109.52 207977.2 62886.47 190612.3 296413.3 200298.5 284080.4 163262 658170.8 2255129 2320074 3588296 5939315 1.075839e+007 3989783 1172715 159533.9 21930.29 14014.79 10136.87 4552.787 3139.863 5917.092 4732.125 3085.839 2133.845 6264.265 4472.472 2326.945 6112.484 21140.98 21544.65 35124.21 13619.54 46503.77 89126.94 45432.98 57566.18 48549.93 70617.16 74490.85 57318.16 100675.1 324671.3 1310586 1467331 900705.8
552070.8 85411.23 31555.78 33600.12 45485.29 13057.25 3281.118 185119.5 868928.4 1407201 1211643 733622.9 1330847 683051.4 508840.8 342410.6 705648.3 133135.2 439596.2 93988.76 49424.21 53556.48 120773.4 30947.74 66823.14 158577.1 36227.27 136391.6 353949.6 756139.8 176093.3 205717.5 87872.56 290052.2 1447103 1792820 5471706 1.051419e+007 1.435736e+007 7094269 3788070 1323740 154065.2 29692.84 4269.216 3427.602 3544.922 5424.386 5032.455 8385.744 5944.097 6954.898 7858.702 12299.74 16762.78 52795.15 75838.88 63516.29 57749.06 66738.21 84701.93 105314.9 98666.5 74266.87 102821.7 58863.34 142917.2 805396.3 5412911 2895940 4664867 3828845
4657.218 37287.56 70578.33 45613.33 54448.37 56462.65 56353.56 231719.7 57406.72 110569.3 501628.3 1953987 822177.3 459448.1 423664.5 360143.1 332843.3 130080.3 59050.63 219244.6 261071.8 139125.5 168984.8 137970.9 196651.8 185501.1 36812.13 30878.46 57585.67 54256.38 1046255 607161.8 273624.1 312437.8 1991276 6533564 6785800 6519462 4568189 5731604 7863923 4473492 2481592 600414.3 118865.8 14404.41 3859.187 8429.954 2972.682 4973.06 7230.359 9683.429 10255.59 11686.2 27515.25 62751.51 30005.33 21147.6 26440.11 41473.53 40887.68 56388.46 67709.95 34314.98 81891.41 122314.9 385950.3 7057587 1.127228e+007 5564584 6108303 3923746
62155.03 94763.52 36262.56 20014.39 37580.13 54564.95 33643.41 33761.6 8099.423 3483.613 125684.5 1286930 909907.8 0.746056 280073.5 598932.4 1788486 376403 114169.1 190301.1 157462.7 218183.9 243559.1 188911 197731.8 51477.27 13327.56 30725.54 34085.65 103109.9 392719.8 316940.2 179267 256517 3399782 5492635 3130589 2530648 2309598 3745326 5877102 1.05947e+007 6393517 2670714 1349906 808301.2 135418.5 12894.48 10455.62 11470.83 21146.88 66285.45 151176.5 161110.2 128811.2 503647.7 52489.56 26645.29 67623.67 23914.09 15967 38217.14 59405.84 53792.09 58019.42 59391.7 871883.3 3466842 5597343 6191084 1.033585e+007 2961580
110746.4 76909.59 50415.62 41726.59 69335.83 72792.93 28261.68 20421.73 43070.61 61628.14 73755.52 277404 195313.7 -9999 52419.46 236933.8 206829.5 322307.6 245627.6 168382 117698.6 278467.5 211653.4 129396.5 130353.9 108689.7 36669.27 29965.29 72353.04 91931.6 231467.2 522727.3 2060022 2052646 3549781 331174.9 445109.8 964077.6 1338927 2943977 7754258 2.830105e+007 1.011077e+007 9353465 3615684 2656828 1327581 1308727 782408.9 102636.8 29656.49 59716.94 39840.88 78831.81 40213.45 43036.2 50373.44 41160.93 137840.1 121182 42086.69 14978.27 42365.21 87213.77 58236.13 148450.2 1122216 1129043 3603342 3824178 2264373 1401217
75538.64 55838.88 10859.22 20402.64 79221.8 79566.35 32641.32 72925.16 99893.98 72265.39 59761.8 32642.98 47873.13 115511.2 2.356719 21621.66 265313.3 210931.3 165621.9 278468.8 467135.2 307280.3 115757.6 77167.14 119475 110354.3 133644.1 56748.65 56042.57 65502.18 163612.7 1849083 5046340 1212101 318136.9 310986 629428.3 1550740 2234310 4226102 4757003 8040591 1.058918e+007 8051908 8055666 7458786 6186621 6506045 3741016 4440705 1027330 763973.9 1459796 240150.7 81974.52 190053.4 145463 570886 2024673 2694261 172714.6 56234.61 98578.79 331567.2 317380.9 452502.9 1544567 2181246 2555156 2909423 3533228 1979177
29794.03 27760.77 23517.4 28556.03 58488.09 47644.14 102609.8 241299 182037.5 58987.46 32606.26 12411.74 33718.19 1736346 1803622 5911.123 -9999 28008.42 72360.67 112468.9 57574.47 199402.9 62395.48 108315 129432.8 162428.4 189045.4 201030 152799.8 71142.37 142892.8 1460048 2964108 335049.9 183065.2 383036.1 1602853 2289409 2824596 5152270 3438820 3927954 5096987 5845174 1.234359e+007 9237991 1.023478e+007 1.274005e+007 1.361431e+007 1.473673e+007 8712408 6886591 7559384 6022357 4231701 5690607 5459738 2173869 2666418 334499.1 67916.48 60757.08 148188.5 580185.9 1109847 1340950 1139481 1639618 3037806 3296911 5042780 1962186
5941.569 55620.7 139271 58942.52 65039.55 93291.84 185755.7 301929 175208.3 473205.1 280388.6 106229.2 30742.67 49757.7 89940.18 1658907 128.3323 -9999 1496.269 1706656 379214.1 11041.27 24916.14 55701.04 120717.4 247473.1 144176.7 137063.4 79066.12 66211.51 366994 2417531 5113479 1963451 815708.5 1222296 1557077 1953141 2632195 2473484 2084127 1689407 3453046 3151483 4279415 9193618 1.303786e+007 1.119561e+007 1.258204e+007 1.725509e+007 1.279562e+007 1.101185e+007 9393554 1.097415e+007 2962347 2886962 1756109 1402518 947468.3 166024.8 443531.5 377857.2 745280.4 1133802 2160791 1401724 3726421 2379025 2714975 1974467 1027740 940355.4
-9999 74698.73 223579 484517.8 232017.4 27152.14 59826.05 84496.6 95047.11 1314182 1934340 1564000 44447.95 30889.98 28675.76 77099.54 26744.95 37508.23 155855.3 1662409 427714 1490.712 -9999 -9999 -9999 -9999 -9999 -9999 -9999 -9999 1595995 9863697 1613128 937287.1 509923.7 1757853 2959725 2800282 2782603 2371532 2300399 2066147 2539440 1982061 2579788 3467852 2886677 3740554 6535404 6907631 6140699 6763058 1.19799e+007 1.249133e+007 1.378904e+007 8669322 5082920 2142184 585958.3 363835.8 454207.4 679907.5 1250076 1416593 1113622 736157.4 3289252 2052081 1247515 773298.4 682666.4 1034144
-9999 -9999 45755.77 355223.8 42369.73 142021.9 67794.34 35113.57 36480.79 31437.5 73980.8 147624.5 73258.48 31130.96 31130.96 70066.87 283966.3 286547.9 286547.9 134293.9 159297.8 495223.1 848470.4 2753.759 -9999 -9999 -9999 -9999 -9999 -9999 -9999 40319.92 199931.1 427621.3 883717.1 1218811 7759081 3883821 3866252 3415427 2795416 4097457 2381992 2782593 2833016 1730939 1630388 1662815 2604062 5586490 9689732 7664817 1.289935e+007 1.080087e+007 2.686907e+007 8549013 927050.6 309672.8 493910.6 708370 397386.4 536804.8 622719 906779.8 696723.3 730540.6 1471090 1764091 1623370 1066004 1421668 1683834
3729.496 -9999 16272.48 836171.2 159646.2 256737.4 118058.5 29561.99 28895.93 23251.41 14893.94 14491.1 28944.3 31362.46 31362.46 31362.46 52555.04 95591.63 138682.2 59458.06 50260.68 145160.8 102848.4 126973.6 -9999 -9999 -9999 -9999 -9999 -9999 -9999 -9999 27974.66 1249461 3064358 2500676 6805641 6761903 3577566 4154083 3021863 1848499 2203808 2288496 1406860 1837173 2907346 1751710 2534730 2475735 4895102 1.008475e+007 2.828406e+007 6811517 8534701 9242240 1986758 179831.5 724515.3 1912120 1291786 451045.9 396303.3 678577.2 753682.4 340612 424861.8 899545.8 1158367 800750.9 1038056 1367642
20532.71 1187.765 53310.24 3329726 672641.5 113639.2 26092.95 24810.79 26698.4 13558.55 12216.75 13116.19 31183.57 31584.4 31584.4 31584.4 31584.4 31584.4 31584.4 28487.84 19896.25 14520.39 50821.24 43504.08 -9999 -9999 -9999 -9999 -9999 -9999 -9999 -9999 -9999 796229.6 2842148 2723327 6551850 3399797 3116748 3466067 2485001 2258133 3217983 4033959 2674950 5470086 3401180 3115602 1615134 1954676 3905003 3449211 1712542 333096 460635.3 870707.6 1959195 123988.3 1038998 2116015 2624182 342393.2 198601.8 308428.4 530501.9 381270 176202.4 891456.1 1106993 7955792 3513539 815553.4
