src/assets/globe-data.asc
ncols         360
nrows         145
xllcorner     -180
yllcorner     -60
cellsize      0.99999999999994
NODATA_value  -9999
[rows 0 to 31 of 145, columns 288 to 359 of 360]
-9999 -9999 -9999 -9999 -9999 -9999 -9999 -9999 -9999 -9999 -9999 -9999 -9999 -9999 -9999 -9999 -9999 -9999 -9999 -9999 -9999 -9999 -9999 -9999 -9999 -9999 -9999 -9999 -9999 -9999 -9999 -9999 -9999 -9999 -9999 -9999 -9999 -9999 -9999 -9999 -9999 -9999 -9999 -9999 -9999 -9999 -9999 -9999 -9999 -9999 -9999 -9999 -9999 -9999 -9999 -9999 -9999 -9999 -9999 -9999 -9999 -9999 -9999 -9999 -9999 -9999 -9999 -9999 -9999 -9999 -9999 -9999
-9999 -9999 -9999 -9999 -9999 -9999 -9999 -9999 -9999 -9999 -9999 -9999 -9999 -9999 -9999 -9999 -9999 -9999 -9999 -9999 -9999 -9999 -9999 -9999 -9999 -9999 -9999 -9999 -9999 -9999 -9999 -9999 -9999 -9999 -9999 -9999 -9999 -9999 -9999 -9999 -9999 -9999 -9999 -9999 -9999 -9999 -9999 -9999 -9999 -9999 -9999 -9999 -9999 -9999 -9999 -9999 -9999 -9999 -9999 -9999 -9999 -9999 -9999 -9999 -9999 -9999 -9999 -9999 -9999 -9999 -9999 -9999
-9999 -9999 -9999 -9999 -9999 -9999 -9999 -9999 -9999 -9999 -9999 -9999 -9999 -9999 -9999 -9999 -9999 -9999 -9999 -9999 -9999 -9999 -9999 -9999 -9999 -9999 -9999 -9999 -9999 -9999 -9999 -9999 -9999 -9999 -9999 -9999 -9999 -9999 -9999 -9999 -9999 -9999 -9999 -9999 -9999 -9999 -9999 -9999 -9999 -9999 -9999 -9999 -9999 -9999 -9999 -9999 -9999 -9999 -9999 -9999 -9999 -9999 -9999 -9999 -9999 -9999 -9999 -9999 -9999 -9999 -9999 -9999
-9999 -9999 -9999 -9999 -9999 -9999 -9999 -9999 -9999 -9999 -9999 -9999 -9999 -9999 -9999 -9999 -9999 -9999 -9999 -9999 -9999 -9999 -9999 -9999 -9999 -9999 -9999 -9999 -9999 -9999 -9999 -9999 -9999 -9999 -9999 -9999 -9999 -9999 -9999 -9999 -9999 -9999 -9999 -9999 -9999 -9999 -9999 -9999 -9999 -9999 -9999 -9999 -9999 -9999 -9999 -9999 -9999 -9999 -9999 -9999 -9999 -9999 -9999 -9999 -9999 -9999 -9999 -9999 -9999 -9999 -9999 -9999
-9999 -9999 -9999 -9999 -9999 -9999 -9999 -9999 -9999 -9999 -9999 -9999 -9999 -9999 -9999 -9999 -9999 -9999 -9999 -9999 -9999 -9999 -9999 -9999 -9999 -9999 -9999 -9999 -9999 -9999 -9999 -9999 -9999 -9999 -9999 -9999 -9999 -9999 -9999 -9999 -9999 -9999 -9999 -9999 -9999 -9999 -9999 -9999 -9999 -9999 -9999 -9999 -9999 -9999 -9999 -9999 -9999 -9999 -9999 -9999 -9999 -9999 -9999 -9999 -9999 -9999 -9999 -9999 -9999 -9999 -9999 -9999
-9999 -9999 -9999 -9999 -9999 -9999 -9999 -9999 -9999 -9999 -9999 -9999 -9999 -9999 -9999 -9999 -9999 -9999 -9999 -9999 -9999 -9999 -9999 -9999 -9999 -9999 -9999 -9999 -9999 -9999 -9999 -9999 -9999 -9999 -9999 -9999 -9999 -9999 -9999 -9999 -9999 -9999 -9999 -9999 -9999 -9999 -9999 -9999 -9999 -9999 -9999 -9999 -9999 -9999 -9999 -9999 -9999 -9999 -9999 -9999 -9999 -9999 -9999 -9999 -9999 -9999 -9999 -9999 -9999 -9999 -9999 -9999
-9999 -9999 -9999 -9999 -9999 -9999 -9999 -9999 -9999 -9999 -9999 -9999 -9999 -9999 -9999 -9999 -9999 -9999 -9999 -9999 -9999 -9999 -9999 -9999 -9999 -9999 -9999 -9999 -9999 -9999 -9999 -9999 -9999 -9999 -9999 -9999 -9999 -9999 -9999 -9999 -9999 -9999 -9999 -9999 -9999 -9999 -9999 -9999 -9999 -9999 -9999 -9999 -9999 -9999 -9999 -9999 -9999 -9999 -9999 -9999 -9999 -9999 -9999 -9999 -9999 -9999 -9999 -9999 -9999 -9999 -9999 -9999
0.09509561 -9999 -9999 -9999 -9999 -9999 -9999 -9999 -9999 -9999 -9999 -9999 -9999 -9999 -9999 -9999 -9999 -9999 -9999 -9999 -9999 -9999 -9999 -9999 -9999 -9999 -9999 -9999 -9999 -9999 -9999 -9999 -9999 -9999 -9999 -9999 -9999 -9999 -9999 -9999 -9999 -9999 -9999 -9999 -9999 -9999 -9999 -9999 0.08378281 -9999 -9999 -9999 -9999 -9999 -9999 -9999 -9999 -9999 -9999 -9999 -9999 -9999 -9999 -9999 -9999 -9999 -9999 -9999 -9999 -9999 -9999 -9999
90.80908 91.04099 90.23015 82.38138 53.93424 15.63814 -9999 -9999 -9999 -9999 -9999 -9999 -9999 -9999 -9999 -9999 -9999 -9999 -9999 -9999 -9999 -9999 -9999 -9999 -9999 -9999 -9999 -9999 -9999 0.05877508 21.35925 8.49914 0.1222805 13.28584 0.5786052 -9999 -9999 -9999 -9999 -9999 2.288409 2.13232 -9999 -9999 1.945625 -9999 -9999 -9999 1.538636 -9999 0.20919 -9999 -9999 -9999 -9999 -9999 -9999 -9999 -9999 -9999 -9999 -9999 -9999 -9999 -9999 -9999 -9999 -9999 -9999 -9999 -9999 -9999
138.2861 137.7009 137.4304 137.1804 121.2808 71.29784 -9999 -9999 -9999 -9999 -9999 -9999 -9999 -9999 -9999 -9999 -9999 -9999 -9999 -9999 -9999 -9999 -9999 -9999 -9999 -9999 -9999 27.26412 4.021396 124.8244 181.0425 176.8657 132.7451 173.2915 97.90271 135.1915 102.1197 5.489778 24.51632 37.38124 29.21514 23.68921 12.55449 -9999 0.0192958 -9999 -9999 -9999 -9999 -9999 -9999 -9999 -9999 -9999 -9999 -9999 -9999 -9999 -9999 -9999 -9999 -9999 -9999 -9999 -9999 -9999 -9999 -9999 -9999 -9999 -9999 -9999
138.6739 122.7655 76.93595 63.81733 102.2931 22.53959 -9999 0.2028032 0.4265206 -9999 -9999 -9999 0.05639932 -9999 -9999 -9999 -9999 -9999 -9999 -9999 -9999 -9999 -9999 -9999 -9999 -9999 -9999 10.26223 2.529644 3.191849 49.50409 40.60993 67.52728 15.56865 24.65635 12.643 -9999 -9999 -9999 4.339561 24.39204 24.84029 11.68313 -9999 -9999 -9999 -9999 -9999 -9999 -9999 -9999 -9999 -9999 -9999 -9999 -9999 -9999 -9999 -9999 -9999 -9999 -9999 -9999 -9999 -9999 -9999 -9999 -9999 -9999 -9999 -9999 -9999
68.33954 67.91067 145.8314 182.9525 167.6056 121.2257 125.9719 156.8396 153.2995 128.3688 74.19043 16.54055 6.51591 -9999 5.91811 54.01775 113.5176 76.54298 63.07955 72.15685 38.38899 5.090501 -9999 -9999 -9999 -9999 -9999 0.09462246 4.976453 -9999 -9999 2.977947 30.16977 110.5994 120.4252 46.40945 -9999 -9999 -9999 -9999 -9999 -9999 -9999 -9999 -9999 -9999 -9999 -9999 -9999 -9999 -9999 -9999 -9999 -9999 -9999 -9999 -9999 -9999 -9999 -9999 -9999 -9999 -9999 -9999 -9999 -9999 -9999 -9999 -9999 -9999 -9999 -9999
160.2096 148.3452 163.8351 213.9917 208.4382 221.0011 239.8948 235.8137 210.5845 190.9415 191.3552 172.3513 153.2292 185.3441 180.0452 177.9712 185.2545 169.8732 146.2656 149.4365 122.901 46.818 -9999 -9999 -9999 -9999 -9999 -9999 -9999 -9999 -9999 45.59688 98.18638 151.0501 137.5439 130.1341 88.84255 37.15855 26.25508 37.12655 31.81373 7.448973 -9999 -9999 -9999 -9999 -9999 -9999 -9999 -9999 -9999 -9999 -9999 -9999 -9999 -9999 -9999 -9999 -9999 -9999 -9999 -9999 -9999 -9999 -9999 -9999 -9999 -9999 -9999 -9999 -9999 -9999
175.3737 174.8282 173.9382 168.2178 73.13155 141.8702 242.5671 122.7093 55.26223 50.11386 49.49584 50.40593 50.66654 100.7344 200.0162 206.7588 209.8866 209.237 209.2598 190.5668 190.6565 76.63992 2.784495 5.749912 142.2988 103.0108 78.7717 96.39005 89.97733 67.17294 87.82257 106.1269 197.4487 201.2418 171.1431 108.658 106.9385 88.45005 103.1311 105.2811 105.1941 73.46467 47.98197 26.2634 0.4555078 -9999 0.2471904 12.30379 19.33702 13.30181 0.2886219 -9999 -9999 -9999 -9999 -9999 -9999 -9999 -9999 -9999 -9999 -9999 -9999 -9999 -9999 -9999 -9999 -9999 -9999 -9999 10.10626 63.76497
185.0719 157.9953 93.77232 65.71709 54.17006 87.72529 80.50305 54.56496 54.2192 54.15031 53.77209 53.3876 112.7244 161.7843 216.6687 220.7086 219.493 205.636 207.4494 212.2415 221.2869 216.3298 199.7738 177.4313 218.3441 225.05 237.4539 222.4153 207.9911 198.7496 205.3929 220.3947 222.9003 157.9184 117.6254 116.4634 114.0231 112.3054 99.87836 103.6624 118.9668 123.4886 110.871 105.8329 163.1306 197.9647 223.4967 255.3829 254.7236 247.4869 190.491 142.8945 9.586246 3.162233 0.8985677 -9999 -9999 -9999 -9999 -9999 0.9937445 -9999 16.31518 15.84654 -9999 -9999 -9999 -9999 -9999 -9999 9.069402 17.99725
80.77548 69.2589 57.01706 57.04957 57.07236 57.13409 56.71749 56.944 56.71101 56.72692 55.87512 75.56007 190.1806 201.297 226.3404 226.9426 194.3302 212.434 230.6908 229.2741 228.3109 230.864 230.4781 228.2365 263.412 366.0322 382.9974 373.1349 344.2813 260.9118 249.0835 253.1055 250.7237 246.8002 231.4383 231.8188 203.9944 189.8911 153.4602 160.2317 201.6808 226.3 234.2199 229.7368 238.1228 250.1799 244.1 228.804 230.6376 231.4447 207.0212 176.1611 120.1176 116.8312 153.1748 136.9623 124.3125 113.0661 97.35069 218.214 245.9596 59.8304 120.0926 407.0432 389.4303 284.618 169.1976 143.9074 127.3617 98.83897 69.97363 26.54235
59.37244 59.57407 59.43392 59.27924 58.88722 59.2369 58.73399 58.70613 59.62815 58.40547 62.26263 80.06493 136.4565 145.7905 144.9355 134.6464 144.4571 156.1904 186.5404 245.9157 248.9392 250.1565 251.9162 252.4417 276.844 407.6931 414.3659 426.5923 427.9481 427.4391 316.5949 262.6636 265.1927 296.7266 289.3932 272.0058 269.3681 263.6514 273.3129 296.2018 300.2981 283.0994 260.2341 225.9736 254.9513 260.2257 226.1329 221.2533 240.1078 260.6486 248.1062 217.0201 203.8228 223.1263 247.8641 206.3792 207.5238 208.2123 208.2822 340.4453 431.5767 379.4185 346.3672 403.3648 429.5114 387.2605 187.9848 181.5949 181.2242 182.8283 183.3 182.1162
62.2443 62.0622 61.907 62.01043 62.12533 62.17618 62.2806 62.31282 61.54099 79.76351 136.2411 152.8546 152.6812 153.2992 148.4485 126.1003 143.0969 149.12 162.3581 234.4942 262.059 262.991 278.2039 359.0122 418.916 444.8078 441.9392 435.0697 440.0448 443.5899 401.6694 239.4882 216.735 252.0617 267.8209 297.1617 293.6865 272.6537 267.0545 283.668 329.6653 341.5209 328.6066 290.6964 293.1623 296.8232 293.648 294.774 319.4359 328.1852 232.506 215.4249 216.2992 210.4939 211.8079 217.5826 217.284 216.6273 216.9535 226.6824 284.377 318.2281 380.7979 321.7196 206.87 169.6793 164.9205 174.1088 183.4026 191.0861 190.2437 189.1713
1592.955 814.1353 1111.743 1453.894 1430.81 318.5164 64.80119 65.00684 64.93935 64.39137 1034.676 1992.812 710.834 149.6154 153.3102 132.2935 149.1161 158.6977 163.3302 449.2429 482.817 474.3175 486.1204 464.0198 463.5722 467.3626 466.8189 466.9257 471.3894 465.3577 464.6196 432.2302 246.8341 214.7294 214.0776 213.66 240.5828 215.7264 212.8366 262.6566 320.9275 333.5524 312.8339 322.2402 337.4058 350.9969 332.1753 327.2216 337.7763 345.9229 285.9882 220.0609 225.897 226.7269 226.1191 224.5441 225.6349 225.4155 215.0271 210.6986 200.0821 179.5571 172.7777 167.4944 168.1008 162.2023 162.5371 163.1355 167.3038 173.2644 179.2751 197.7818
2398.612 2399.685 2393.746 2394.521 1734.021 165.7228 67.47727 237.4128 315.5795 1390.483 2587.585 2516.471 2026.533 665.7442 167.2076 158.3706 126.6109 337.4497 434.1525 639.1827 681.1332 682.204 673.0135 601.0623 488.9273 497.8251 513.3615 526.7545 541.1287 535.4011 532.5977 534.2985 443.1065 384.3236 334.5836 258.6234 226.1234 222.2551 220.0582 245.5263 320.8861 372.4344 347.0018 336.9867 358.9979 265.1425 195.4689 182.1316 184.3515 190.1672 172.963 175.1365 207.1261 227.0444 235.2094 234.307 233.8743 212.3267 173.8723 173.8885 173.7167 174.3357 173.6396 163.0789 169.0219 164.7426 173.087 161.3557 162.8153 164.0296 185.0669 198.816
2113.209 2485.736 2506.301 2495.849 2497.003 2208.287 1799.731 2554.751 2568.87 2604.479 2594.979 2714.946 2460.744 2427.013 2172.971 1900.038 1748.517 636.9075 628.4331 694.1656 709.0087 709.0258 706.774 707.2585 627.2111 558.8321 561.3589 560.6817 560.6655 561.1558 558.2656 559.8934 580.7679 589.3308 585.7477 588.2261 517.0411 392.4285 350.7457 293.3324 588.9208 681.2374 570.8207 478.9212 255.7541 188.386 185.7998 208.5024 290.3504 456.3362 225.8426 140.6654 140.4883 143.7185 166.9078 136.2645 130.6396 131.6495 139.4784 148.5415 164.065 180.0536 171.9409 171.8876 181.7627 176.1443 152.8351 172.7265 136.8639 13635.46 82.39709 27.88589
668.2208 2029.844 2449.338 2390.749 2541.859 2554.068 2429.031 2529.237 2632.775 2640.015 2572.493 2725.054 2775.1 2698.047 2573.227 2146.41 1182.642 904.9028 794.7269 896.1009 3589.222 5470.424 4565.667 4755.599 3929.487 2134.384 627.8095 580.4321 578.0921 580.0121 581.7439 586.0258 599.8338 608.1156 610.134 610.9318 612.3519 834.0667 1068.999 1052.825 1313.01 1442.099 1440.751 516.7811 195.0986 193.89 196.0992 458.6903 507.0254 472.3682 230.9687 145.7085 145.4982 145.9938 138.1725 112.5317 112.4617 112.2574 111.9822 106.553 116.9925 168.4108 186.3879 186.5036 187.1241 186.6078 187.2447 184.9592 182.558 181.2721 146.5334 16.26693
153.1158 1006.143 2622.072 2228.779 2593.846 2675.903 2576.754 2498.257 2493.848 2436.203 2558.948 2641.463 2917.928 3009.315 2319.602 1822.349 1854.11 1619.099 1468.437 1509.528 82326.51 151874.7 10866.2 8423.934 7345.613 5257.692 3198.459 1314.108 597.4788 589.442 567.0443 563.1658 490.7113 541.6644 619.5189 610.1021 630.9256 984.9633 1049.675 1017.712 1177.086 1815.108 1867.513 1661.802 398.1566 262.9825 357.2339 521.8475 515.2142 296.1989 150.4286 150.9174 148.6295 148.5453 134.2335 62.61501 82.28116 111.78 111.2465 113.1656 116.3953 140.7927 250.7661 267.1638 280.625 293.1161 209.274 168.1286 115.022 72.31313 111.2541 48.86877
160.5153 646.5084 2491.905 2780.394 2801.716 2942.639 2994.281 2948.124 2895.719 2651.414 2115.727 1306.787 1327.18 1546.62 1536.343 1154.116 2195.922 4182.215 4828.101 6409.925 20067.83 71775.09 14405.19 8250.992 6663.122 6462.467 4421.877 1544.108 562.5005 553.4257 500.4073 410.5783 304.8786 306.8947 322.9672 317.283 351.2572 314.7378 574.9232 903.9291 903.724 922.1712 1496.766 2394.179 2405.663 1059.932 548.825 589.4438 402.8886 62.08139 28.92906 32.75354 131.4137 128.5086 55.54444 21.11726 112.4355 139.9734 207.2677 262.1251 337.1244 390.6133 416.6735 416.0527 342.8607 168.8527 48.08154 0.7405828 -9999 -9999 -9999 -9999
166.7593 483.3156 2840.659 3165.2 3171.601 3159.377 2988.629 2339.584 2492.859 1559.836 1027.172 1009.008 997.8224 1006.449 1013.144 1012.678 1402.979 3357.753 1697.931 1471.547 2303.704 4565.754 5808.49 3568.111 2108.749 658.4537 537.8633 543.7794 555.8047 553.6514 386.2306 316.5049 311.1318 316.0309 313.7546 316.6261 316.9822 401.3607 698.2126 856.4966 869.0357 884.3582 1333.101 1907.509 1222.626 848.2069 746.5408 349.9367 1.919394 -9999 -9999 1.49922 30.8816 47.39308 366.6455 482.6671 383.8211 350.0688 348.2872 242.7862 181.8903 237.2296 331.3729 125.0582 9.149771 -9999 -9999 -9999 -9999 -9999 -9999 -9999
171.4091 1797.622 2965.274 2618.608 2596.377 2272.336 1717.799 1595.495 1593.277 1371.454 1263.831 1040.864 1052.215 1045.341 1100.534 1386.855 1621.95 1708.33 1719.392 1717.725 1717.423 2093.413 2150.215 1490.92 584.1692 445.3096 476.6498 391.2693 377.9746 367.2512 332.4979 328.2448 328.2849 328.1045 263.4192 205.084 199.1882 202.1379 226.0363 537.3785 561.4269 267.7138 89944.63 13593.99 843.662 740.4893 401.4867 37.03336 -9999 -9999 -9999 2807.399 551.7437 443.963 636.0951 202.2883 85.72804 10.39787 24.65819 -9999 -9999 -9999 6.527613 -9999 -9999 -9999 -9999 -9999 -9999 -9999 -9999 -9999
1730.605 2935.743 2563.434 1613.394 852.1944 1017.13 1642.62 1637.748 1633.21 1509.228 1414.985 1102.863 1089.934 1083.545 1190.742 2622.316 2616.623 1768.896 1767.689 1758.94 1756.344 1761.434 1746.284 1628.088 566.0844 89.55406 88.6118 89.57377 89.67776 89.58681 201.4542 302.8044 295.7643 124.304 0.1166543 -9999 -9999 -9999 -9999 -9999 -9999 -9999 0.2783015 88.69558 39.32841 -9999 -9999 -9999 -9999 0.552588 73.70113 308.6729 435.3739 622.697 212.1278 61.1082 77.98927 -9999 -9999 -9999 -9999 -9999 -9999 -9999 -9999 -9999 -9999 -9999 -9999 -9999 -9999 -9999
3371.034 3144.479 2635.782 874.7846 851.5815 1400.433 1677.269 2049.89 1742.881 1308.42 1062.684 1499.403 2325.614 2233.017 2426.082 5564.289 4653.522 4211.767 3369.479 1998.488 1873.207 1956.038 1826.957 1391.459 99.76068 92.33154 92.32986 91.60318 92.10156 92.36188 91.0746 60.88863 12.52391 -9999 -9999 -9999 -9999 -9999 -9999 -9999 -9999 -9999 -9999 -9999 -9999 -9999 -9999 -9999 48.43869 380.7415 435.8351 450.5536 1161.478 1180.52 891.3371 50.64434 -9999 -9999 -9999 -9999 -9999 -9999 -9999 -9999 -9999 -9999 -9999 -9999 -9999 -9999 -9999 -9999
3582.569 2468.064 1973.767 1840.897 2010.875 2918.929 3651.694 3304.343 1220.884 1142.646 1098.461 1204.588 1339.226 1822.813 2953.717 3859.113 5493.065 5754.827 5770.617 5742.007 5669.452 5755.524 5324.693 2288.99 94.74715 94.65102 94.79319 94.75523 94.9213 84.56815 19.34884 -9999 -9999 -9999 -9999 0.3006245 -9999 -9999 -9999 -9999 -9999 -9999 -9999 -9999 -9999 -9999 -9999 49.7537 412.5452 509.8804 630.0082 1307.001 1975.261 1974.659 1466.697 361.3411 -9999 -9999 -9999 -9999 -9999 -9999 -9999 -9999 -9999 -9999 -9999 -9999 -9999 -9999 -9999 -9999
3512.158 25977.39 2511.659 4623.349 1801.541 2277.442 1939.445 1713.117 1470.326 1449.838 948.4727 504.7177 304.6439 590.3588 1340.241 1344.945 37886.91 2127.801 3052.573 2853.506 3215.828 2634.489 2449.139 969.5248 638.321 144.2897 143.2744 124.7017 49.53729 18.51772 2.298413 -9999 -9999 -9999 -9999 -9999 -9999 -9999 -9999 -9999 -9999 -9999 -9999 -9999 -9999 -9999 -9999 319.3867 693.4606 682.2917 1584.458 2746.731 3336.898 2398.007 4.043848 -9999 -9999 53.71995 276.1552 -9999 -9999 -9999 -9999 -9999 -9999 -9999 -9999 -9999 -9999 -9999 -9999 -9999
2578.747 1283.47 7427.556 5321.24 1086.746 1103.024 1102.09 1314.599 1498.278 1594.923 599.0428 541.437 1938.235 3700.4 3855.633 5265.667 1687.272 1591.017 1404.838 1146.721 1247.673 1409.622 1254.473 543.0486 172.9138 169.1369 168.2832 122.6645 86.12328 47.91569 13.09321 1579.383 250.6385 -9999 2111.216 -9999 -9999 -9999 -9999 -9999 -9999 -9999 -9999 -9999 -9999 -9999 -9999 238.501 903.946 1957.439 4540 8824.496 6366.33 5132.197 283.6664 -9999 -9999 -9999 234.3055 107.3501 4.469314 -9999 -9999 -9999 -9999 -9999 -9999 -9999 -9999 -9999 -9999 -9999
4057.046 13121.98 11972.46 2981.752 3149.278 3295.847 2176.916 1827.666 3514.968 10488.85 9230.164 8092.338 7014.873 6607.047 31599.64 10314.24 10096.8 10134.93 5103.956 26415.21 1481.225 2132.314 1565.99 990.2136 570.3439 933.684 934.3178 174.2121 254.2549 249.0261 2404.404 9506.632 10022.31 2859.818 8615.447 917.8234 -9999 -9999 -9999 -9999 -9999 -9999 -9999 -9999 -9999 -9999 -9999 18.47045 1962.133 9545.666 151744.9 8585.313 61.52781 -9999 -9999 -9999 -9999 -9999 -9999 -9999 -9999 -9999 -9999 -9999 -9999 -9999 -9999 -9999 -9999 -9999 -9999 -9999
